0 1 0.5456730765625 0.002403846875 0.5456730765625 0.002403846875 0.997596153125 1 0.997596153125 1 0.5456730765625
1 0.875 0 0.875 0.877403846875 1 0.877403846875 1 0 0.875 0
1 0.7259615390625 0.7019230765625 0.8822115390624999 0.7019230765625 0.8822115390624999 0.06971153906250001 0.7259615390625 0.06971153906250001 0.7259615390625 0.7019230765625
1 0.002403846875 0.6706730765625 0.146634615625 0.6706730765625 0.146634615625 0.48798076874999996 0.002403846875 0.48798076874999996 0.002403846875 0.6706730765625
1 0.14423076875000002 0.6322115390625 0.271634615625 0.6322115390625 0.271634615625 0.53125 0.14423076875000002 0.53125 0.14423076875000002 0.6322115390625
1 0.002403846875 0.49759615312500005 0.060096153124999996 0.49759615312500005 0.060096153124999996 0.2668269234375 0.002403846875 0.2668269234375 0.002403846875 0.49759615312500005
1 0.6322115390625 0.564903846875 0.728365384375 0.564903846875 0.728365384375 0.3990384609375 0.6322115390625 0.3990384609375 0.6322115390625 0.564903846875
1 0.2980769234375 0.572115384375 0.36298076875 0.572115384375 0.36298076875 0.3581730765625 0.2980769234375 0.3581730765625 0.2980769234375 0.572115384375
1 0.1081730765625 0.572115384375 0.365384615625 0.572115384375 0.365384615625 0.353365384375 0.1081730765625 0.353365384375 0.1081730765625 0.572115384375
1 0.6514423078125 0.63701923125 0.728365384375 0.63701923125 0.728365384375 0.560096153125 0.6514423078125 0.560096153125 0.6514423078125 0.63701923125
1 0.4447115390625 0.5697115390625 0.5 0.5697115390625 0.5 0.44230769218750005 0.4447115390625 0.44230769218750005 0.4447115390625 0.5697115390625
1 0.002403846875 0.778846153125 0.271634615625 0.778846153125 0.271634615625 0.48076923125000004 0.002403846875 0.48076923125000004 0.002403846875 0.778846153125
1 0.596153846875 0.5552884609375 0.634615384375 0.5552884609375 0.634615384375 0.4519230765625 0.596153846875 0.4519230765625 0.596153846875 0.5552884609375
1 0.38701923125 0.5673076921875 0.447115384375 0.5673076921875 0.447115384375 0.39423076875 0.38701923125 0.39423076875 0.38701923125 0.5673076921875
1 0.6298076921875 0 0.6298076921875 0.9951923078125 1 0.9951923078125 1 0 0.6298076921875 0
1 0.23317307656250003 0.5697115390625 0.2956730765625 0.5697115390625 0.2956730765625 0.35576923125 0.23317307656250003 0.35576923125 0.23317307656250003 0.5697115390625