0 0 0.997596153125 0.997596153125 0.997596153125 0.997596153125 0.5456730765625 0 0.5456730765625 0 0.997596153125
1 0 0 0 0.877403846875 0.125 0.877403846875 0.125 0 0 0
1 0.2740384609375 0.06971153906250001 0.11778846093749999 0.06971153906250001 0.11778846093749999 0.7019230765625 0.2740384609375 0.7019230765625 0.2740384609375 0.06971153906250001
1 0.997596153125 0.48798076874999996 0.8533653843750001 0.48798076874999996 0.8533653843750001 0.6706730765625 0.997596153125 0.6706730765625 0.997596153125 0.48798076874999996
1 0.85576923125 0.53125 0.728365384375 0.53125 0.728365384375 0.6322115390625 0.85576923125 0.6322115390625 0.85576923125 0.53125
1 0.997596153125 0.2668269234375 0.939903846875 0.2668269234375 0.939903846875 0.49759615312500005 0.997596153125 0.49759615312500005 0.997596153125 0.2668269234375
1 0.3677884609375 0.3990384609375 0.271634615625 0.3990384609375 0.271634615625 0.564903846875 0.3677884609375 0.564903846875 0.3677884609375 0.3990384609375
1 0.7019230765625 0.3581730765625 0.63701923125 0.3581730765625 0.63701923125 0.572115384375 0.7019230765625 0.572115384375 0.7019230765625 0.3581730765625
1 0.8918269234375 0.353365384375 0.634615384375 0.353365384375 0.634615384375 0.572115384375 0.8918269234375 0.572115384375 0.8918269234375 0.353365384375
1 0.3485576921875 0.560096153125 0.271634615625 0.560096153125 0.271634615625 0.63701923125 0.3485576921875 0.63701923125 0.3485576921875 0.560096153125
1 0.5552884609375 0.44230769218750005 0.5 0.44230769218750005 0.5 0.5697115390625 0.5552884609375 0.5697115390625 0.5552884609375 0.44230769218750005
1 0.997596153125 0.48076923125000004 0.728365384375 0.48076923125000004 0.728365384375 0.778846153125 0.997596153125 0.778846153125 0.997596153125 0.48076923125000004
1 0.40384615312500005 0.4519230765625 0.365384615625 0.4519230765625 0.365384615625 0.5552884609375 0.40384615312500005 0.5552884609375 0.40384615312500005 0.4519230765625
1 0.61298076875 0.39423076875 0.552884615625 0.39423076875 0.552884615625 0.5673076921875 0.61298076875 0.5673076921875 0.61298076875 0.39423076875
1 0 0 0 0.9951923078125 0.3701923078125 0.9951923078125 0.3701923078125 0 0 0
1 0.7668269234375 0.35576923125 0.7043269234375 0.35576923125 0.7043269234375 0.5697115390625 0.7668269234375 0.5697115390625 0.7668269234375 0.35576923125