0 0.888165375 1 0.971766103125 0.6646957953125 0.0038028203125 0.42335544374999995 0 0.4386077234375 0 0.8881653765624999 0.44854417812499997 1 0.888165375 1
1 0.10935718593749999 0 0 0.43860771875 0 0.7642935468750001 0.0448368484375 0.775472628125 0.238183890625 0 0.10935718593749999 0
1 0.2307515796875 0 0.0802921640625 0.6034597578125 0.2319008703125 0.6412600546875 0.38484668437499997 0.0278279015625 0.27323506875 0 0.2307515796875 0
1 0.9857231359374999 0.6087171953125 0.8457766375 0.573824615625 0.80157936875 0.7510901796875 0.9415258671875 0.7859827609375001 0.9857231359374999 0.6087171953125
1 0.8376413046875 0.6163901078125 0.7140218968750001 0.585568328125 0.689597090625 0.683530878125 0.8132164984375001 0.7143526578125 0.8376413046875 0.6163901078125
1 1 0.3843526515625 0.9832464953125 0.3801755328125 0.9274183656250001 0.6040899296875 0.9833969640625 0.6180469625 1 0.5514558234375 1 0.3843526515625
1 0.396140515625 0.370052584375 0.30284285 0.34679086406250004 0.26271638125 0.5077293390625 0.356014046875 0.530991059375 0.396140515625 0.370052584375
1 0.7302361359375 0.41123555625 0.6672602125 0.39553389375000003 0.615502884375 0.6031212015625 0.6784788078124999 0.6188228625 0.7302361359375 0.41123555625
1 0.9156621140625001 0.452512571875 0.6660908562500001 0.39028746875000003 0.6131704421874999 0.6025396578125 0.8627416984374999 0.6647647609375 0.9156621140625001 0.452512571875
1 0.3385176 0.5216738296875 0.26387946875 0.503064453125 0.245270090625 0.5777025874999999 0.31990822343750003 0.5963119640625 0.3385176 0.5216738296875
1 0.5676031890625 0.45739688906250003 0.5139570328125 0.4440214 0.48313525156250003 0.5676408078125 0.536781409375 0.5810162984375 0.5676031890625 0.45739688906250003
1 0.9874677640625 0.601719871875 0.7262343 0.5365870546875 0.6541229671875 0.8258098171875 0.91535643125 0.8909426359375001 0.9874677640625 0.601719871875
1 0.41833319375 0.43008944531250004 0.381014128125 0.4207847578125 0.356007778125 0.5210797484375 0.39332684375000004 0.5303844359375 0.41833319375 0.43008944531250004
1 0.6352126499999999 0.42470508906250004 0.576901609375 0.41016651406250004 0.5350305125 0.5781023125 0.5933415531249999 0.5926408875 0.6352126499999999 0.42470508906250004
1 0.10935718593749999 0 0 0.43860771875 0 0.885687940625 0.25425028906249997 0.94907965625 0.490882425 0 0.10935718593749999 0
1 0.7937936046875 0.42460477656249995 0.733150121875 0.4094846578125 0.6813927921875 0.617071965625 0.7420362765624999 0.6321920828125001 0.7937936046875 0.42460477656249995