0 0 0.997596153125 0.997596153125 0.997596153125 0.997596153125 0.5072115390625 0 0.5072115390625 0 0.997596153125
1 0 0.9639423078125 0.20673076875000002 0.9639423078125 0.20673076875000002 0.64423076875 0 0.64423076875 0 0.9639423078125
1 0.997596153125 0.5144230765625 0.7644230765625 0.5144230765625 0.7644230765625 0.80048076875 0.997596153125 0.80048076875 0.997596153125 0.5144230765625
1 0.75 0.22836538437499998 0.6706730765625 0.22836538437499998 0.6706730765625 0.38701923125 0.75 0.38701923125 0.75 0.22836538437499998
1 0 0 0 0.9639423078125 0.259615384375 0.9639423078125 0.259615384375 0 0 0
1 0 0.7331730765625 0.1322115390625 0.7331730765625 0.1322115390625 0.509615384375 0 0.509615384375 0 0.7331730765625
1 0.69951923125 0.540865384375 0.40144230781249995 0.540865384375 0.40144230781249995 0.783653846875 0.69951923125 0.783653846875 0.69951923125 0.540865384375
1 0.51923076875 0.1923076921875 0.4375 0.1923076921875 0.4375 0.375 0.51923076875 0.375 0.51923076875 0.1923076921875
1 0 0.810096153125 0.1923076921875 0.810096153125 0.1923076921875 0.64423076875 0 0.64423076875 0 0.810096153125
1 0.7740384609375 0.51923076875 0.5048076921875 0.51923076875 0.5048076921875 0.6802884609375 0.7740384609375 0.6802884609375 0.7740384609375 0.51923076875
1 0.5264423078125 0.5480769234375 0.23798076875000002 0.5480769234375 0.23798076875000002 0.8653846156249999 0.5264423078125 0.8653846156249999 0.5264423078125 0.5480769234375