0 1 0.5769070921874999 0.0123781015625 0.6633128109374999 0.0418344125 1 0.49424941875000006 1 1 0.9557525578125 1 0.5769070921874999
1 0.736924290625 0.5878580906249999 0.48308621875 0.6100660437500001 0.4975423390625 0.7753002609374999 0.7513804109375 0.7530923078125 0.736924290625 0.5878580906249999
1 0.47816952187500006 0 0 0.0418344125 0 0.5218304687499999 0.0398237796875 0.9770183515624999 0.8228902843749999 0.9085089109375 0.743406053125 0 0.47816952187500006 0
1 0.585907375 0.7096566390625 0.0806259296875 0.7538630375 0.0959200859375 0.92867605 0.6012015328125 0.8844696515624999 0.585907375 0.7096566390625
1 0.9121856296875 0.632850421875 0.7972400875 0.6429068546875001 0.8037348671875 0.717142515625 0.9186804078125 0.707086084375 0.9121856296875 0.632850421875
1 0.8914442375 0.395775240625 0.651974359375 0.41672614062499996 0.6792105296875001 0.728036984375 0.9186804078125 0.707086084375 0.8914442375 0.395775240625
1 1 0.5057505859375 0.9856462171875 0.3416860953125 0.8228066999999999 0.35593270781249997 0.8452241640624999 0.612165478125 1 0.5986243484375 1 0.5057505859375
1 1 0.505750575 0.990255415625 0.39436946875 0.9351773437500001 0.3991881765625 0.9527761 0.600342875 1 0.59621131875 1 0.505750575
1 0.738899971875 0.582859184375 0.068384309375 0.641521703125 0.09352538906249999 0.9288855593750001 0.7640410515625 0.8702230406250001 0.738899971875 0.582859184375
1 0.01950140625 0.7447325703125001 0.033869598437499995 0.7434755156249999 0.0187849515625 0.5710572015625 0.004416759375 0.57231425625 0.01950140625 0.7447325703125001
1 0.5192813421875 0.14118488906249999 0.025973390625 0.1843437421875 0.090711671875 0.9243056703124999 0.5840196234375 0.8811468171874999 0.5192813421875 0.14118488906249999
1 0.48368543593749996 0.56175305 0.102928328125 0.59506498125 0.12157462968749999 0.8081931734375001 0.5023317359374999 0.7748812421875 0.48368543593749996 0.56175305
1 0.4781695234375 0 0.1235589953125 0.031024401562499998 0.14430038750000002 0.26809958125 0.7621326749999999 0.2140462609375 0.743406053125 0 0.4781695234375 0
1 1 0.5057505828125 0.990255415625 0.39436946875 0.9734925249999999 0.39583603125 0.991300790625 0.5993854296875 1 0.598624346875 1 0.5057505828125