0 1 0.51700016875 0.98565226875 0.3118180546875 0 0.3807415765625 0 0.5174603875 0.0337424578125 1 0.482999828125 1 1 0.9638478265625 1 0.51700016875
1 0 0.5174603796875 0.0151357328125 0.73391145 0.10386138125 0.727707146875 0.084745425 0.45433622968750004 0 0.46026220625 0 0.5174603796875
1 0.2379822828125 0.37132938125 0.1924204625 0.3745153734375 0.198624765625 0.46324102343750007 0.24418658437500002 0.4600550296875 0.2379822828125 0.37132938125
1 0.6843207578125 0 0.7297873203125 0.650202115625 0.9288205328125001 0.6362843578125 0.8843271953125 0 0.6843207578125 0
1 0.69703855625 0.21633351875 0.45484151562499997 0.23326958593749997 0.47932335468750004 0.5833761984375 0.7215203953125 0.56644013125 0.69703855625 0.21633351875
1 0 0.48435936875 0.10560618749999999 0.4769746640625 0.0923591640625 0.2875334140625 0 0.2939917953125 0 0.48435936875
1 1 0.517000178125 0.9774357609375001 0.1943165203125 0.87911815 0.20119155625000001 0.9155055421875 0.721555496875 1 0.71564706875 1 0.517000178125
1 0.8952497828125001 0.29404245156250003 0.727390446875 0.30578031875 0.743152728125 0.5311914265625 0.9110120640625 0.519453559375 0.8952497828125001 0.29404245156250003
1 0.9201009734375001 0.5115888515625 0.7258637421875 0.5251712421875 0.7345833015625 0.6498667484375 0.9288205328125001 0.6362843578125 0.9201009734375001 0.5115888515625
1 0.46740137031250006 0.30950222968749996 0.2683681578125 0.32341998906249997 0.285304225 0.5656170281249999 0.48433743749999997 0.5516992703125 0.46740137031250006 0.30950222968749996
1 0.5581227906249999 0.2284571703125 0.45500919843750004 0.235667575 0.47764651562499993 0.55939629375 0.5807601078125 0.5521858890625 0.5581227906249999 0.2284571703125
1 0.2600003984375 0.30713710625 0.1520908265625 0.314682878125 0.1626549078125 0.4657562796875 0.2705644796875 0.4582105078125 0.2600003984375 0.30713710625
1 0.1204922359375 1 0.081173646875 0.43771798124999994 0 0.4433941953125 0 0.5174603875 0.0337424578125 1 0.1204922359375 1