0 1 0.473796109375 0.9899741078125001 0.3784061171875 0 0.48245658750000003 0 0.503206834375 0.052215065625 1 0.5032068375 1 1 0.947784934375 1 0.473796109375
1 0.8474237234374999 0.3329615859375 0.5820585078125 0.36085259375 0.598139809375 0.5138559625 0.863505025 0.485964953125 0.8474237234374999 0.3329615859375
1 0.34136109531250003 0.347477515625 0.291156865625 0.35275419218750004 0.30246403125 0.46033468749999995 0.3526682609375 0.4550580109375 0.34136109531250003 0.347477515625
1 0.549723346875 0.35216572031250004 0.439752175 0.36372415625 0.4513106109375 0.4736953265625 0.5612817828125001 0.46213689062499996 0.549723346875 0.35216572031250004
1 0.5565076453125 0.4167140171875 0.446536475 0.42827245312500006 0.4513106109375 0.4736953265625 0.5612817828125001 0.46213689062499996 0.5565076453125 0.4167140171875
1 0.5894818093749999 0.362489459375 0.49624538124999995 0.372289003125 0.5040347625 0.44640001093750004 0.597271190625 0.4366004671875 0.5894818093749999 0.362489459375
1 0.9787817484374999 0.3409090859375 0.8449038015625 0.354980225 0.85746731875 0.47451410781250003 0.9913452656249999 0.46044296874999996 0.9787817484374999 0.3409090859375
1 0 0.25283330312499996 0.1389289640625 0.23823128124999998 0.11782225625000001 0.037414359375 0 0.049797978124999996 0 0.25283330312499996
1 0.63337540625 0.48114750624999997 0.99675840625 0.44295441249999995 0.9603242078124999 0.09630615625 0.59694120625 0.1344992484375 0.63337540625 0.48114750624999997
1 0.97602499375 0.2686862171875 0.4381225265625 0.32522204375 0.4592292359375 0.526038965625 0.9971317031250001 0.4695031375 0.97602499375 0.2686862171875
1 0.8563402124999999 0.44079335000000003 0.598147028125 0.467930546875 0.6029211640625001 0.513353421875 0.8611143484375001 0.4862162234375 0.8563402124999999 0.44079335000000003
1 0.9274792875 0.12876334218750002 0.6119098390625 0.161931028125 0.6217093828125 0.25516745625000004 0.9372788296874999 0.2219997703125 0.9274792875 0.12876334218750002