0 0.8906428125 1 0.9892186640625 0.60463385625 0.0212553796875 0.36329350312500003 0 0.448544175 0 0.888165375 0.44854417812499997 1 0.8906428125 1
1 1 0.2803003125 0.7487702781250001 0.2176617078125 0.6627019125 0.5628630718750001 0.9169380500000001 0.6262512609375 1 0.293107978125 1 0.2803003125
1 0.5577732109375 0 0.4283009296875 0.5192849625 0.6638775375 0.5780208078125 0.7935616296875 0.057886320312499996 0.5613922812500001 0 0.5577732109375 0
1 0.11183462343749999 0 0 0.44854417812499997 0 0.5660986171875 0.20331748906249997 0.6167913609375 0.3571008484375 0 0.11183462343749999 0
1 0.342236228125 0 0.22305233593749998 0.4780204875 0.46329382499999994 0.5379194171874999 0.5953040890625 0.0084551640625 0.561392278125 0 0.342236228125 0
1 0.4312149140625 0.517534065625 0.6318048953125001 0.5675467640625 0.6603005046875 0.4532571234375 0.4597105234375 0.4032444234375 0.4312149140625 0.517534065625
1 0.43354735624999996 0.5181156078125 0.6364697796875001 0.5687098515625 0.712070371875 0.2654924359375 0.50914795 0.21489819375 0.43354735624999996 0.5181156078125
1 1 0.10935718593749999 0.8985215046875 0.08405575625 0.8508349765625001 0.2753159703125 1 0.31250698906249996 1 0.10935718593749999
1 0.11183462343749999 0 0 0.44854417812499997 0 0.588395546875 0.9351351640625 0.8215509296875 1 0.5613922812500001 1 0.10935718593749999 0.5613922796875 0 0.11183462343749999 0
1 0.446288565625 0 0.35299975 0.374161003125 0.49294625 0.40905358437499995 0.5929716484374999 0.0078736203125 0.5613922828125 0 0.446288565625 0
1 0.44381112968750003 0 0.32100861406250003 0.49253398437499996 0.9134487921875 0.6402459109375 1 0.2931079796875 1 0.10935718750000001 0.5613922796875 0 0.44381112968750003 0
1 0.8906428125 1 0.9816586046875001 0.634955596875 0.9699963968749999 0.6320478828125 0.8782556296875 1 0.8906428125 1
1 1 0.471964178125 0.8683458828124999 1 0.8906428125 1 1 0.5613922796875 1 0.471964178125