0 0 0.997596153125 0.997596153125 0.997596153125 0.997596153125 0.6201923078125 0 0.6201923078125 0 0.997596153125
1 0.728365384375 0.6081730765625 0.47355769218750005 0.6081730765625 0.47355769218750005 0.7740384609375 0.728365384375 0.7740384609375 0.728365384375 0.6081730765625
1 0 0 0 0.935096153125 0.7860576921875 0.935096153125 0.7860576921875 0 0 0
1 0.5673076921875 0.716346153125 0.060096153124999996 0.716346153125 0.060096153124999996 0.8918269234375 0.5673076921875 0.8918269234375 0.5673076921875 0.716346153125
1 0.8990384609375001 0.66826923125 0.783653846875 0.66826923125 0.783653846875 0.7427884609375 0.8990384609375001 0.7427884609375 0.8990384609375001 0.66826923125
1 0.8990384609375001 0.4302884609375 0.658653846875 0.4302884609375 0.658653846875 0.7427884609375 0.8990384609375001 0.7427884609375 0.8990384609375001 0.4302884609375
1 0.997596153125 0.384615384375 0.8341346156249999 0.384615384375 0.8341346156249999 0.6418269234375 0.997596153125 0.6418269234375 0.997596153125 0.384615384375
1 0.997596153125 0.4375 0.9423076921875 0.4375 0.9423076921875 0.6394230765625 0.997596153125 0.6394230765625 0.997596153125 0.4375
1 0.73076923125 0.603365384375 0.057692307812499996 0.603365384375 0.057692307812499996 0.8918269234375 0.73076923125 0.8918269234375 0.73076923125 0.603365384375
1 0 0.7019230765625 0.014423076562500001 0.7019230765625 0.014423076562500001 0.528846153125 0 0.528846153125 0 0.7019230765625
1 0.55048076875 0.14423076875000002 0.05528846093749999 0.14423076875000002 0.05528846093749999 0.88701923125 0.55048076875 0.88701923125 0.55048076875 0.14423076875000002
1 0.478365384375 0.560096153125 0.096153846875 0.560096153125 0.096153846875 0.7740384609375 0.478365384375 0.7740384609375 0.478365384375 0.560096153125
1 0.165865384375 0 0.165865384375 0.23798076875000002 0.7860576921875 0.23798076875000002 0.7860576921875 0 0.165865384375 0
1 0.997596153125 0.4375 0.98076923125 0.4375 0.98076923125 0.6418269234375 0.997596153125 0.6418269234375 0.997596153125 0.4375