0 0 0.997596153125 0.997596153125 0.997596153125 0.997596153125 0.346153846875 0 0.346153846875 0 0.997596153125
1 0 0.69951923125 0.0889423078125 0.69951923125 0.0889423078125 0.42548076874999996 0 0.42548076874999996 0 0.69951923125
1 0.247596153125 0.353365384375 0.20192307656250003 0.353365384375 0.20192307656250003 0.44230769218750005 0.247596153125 0.44230769218750005 0.247596153125 0.353365384375
1 0.71875 0 0.71875 0.665865384375 0.91826923125 0.665865384375 0.91826923125 0 0.71875 0
1 0.716346153125 0.23076923124999998 0.47355769218750005 0.23076923124999998 0.47355769218750005 0.58173076875 0.716346153125 0.58173076875 0.716346153125 0.23076923124999998
1 0 0.44951923125000004 0.1081730765625 0.44951923125000004 0.1081730765625 0.259615384375 0 0.259615384375 0 0.44951923125000004
1 0.997596153125 0.22836538437499998 0.8990384609375001 0.22836538437499998 0.8990384609375001 0.75 0.997596153125 0.75 0.997596153125 0.22836538437499998
1 0.908653846875 0.322115384375 0.740384615625 0.322115384375 0.740384615625 0.5480769234375 0.908653846875 0.5480769234375 0.908653846875 0.322115384375
1 0.91826923125 0.540865384375 0.7235576921875 0.540865384375 0.7235576921875 0.665865384375 0.91826923125 0.665865384375 0.91826923125 0.540865384375
1 0.48076923125000004 0.3076923078125 0.28125 0.3076923078125 0.28125 0.55048076875 0.48076923125000004 0.55048076875 0.48076923125000004 0.3076923078125
1 0.5769230765625 0.23317307656250003 0.47355769218750005 0.23317307656250003 0.47355769218750005 0.5576923078125 0.5769230765625 0.5576923078125 0.5769230765625 0.23317307656250003
1 0.2740384609375 0.290865384375 0.165865384375 0.290865384375 0.165865384375 0.44230769218750005 0.2740384609375 0.44230769218750005 0.2740384609375 0.290865384375
1 0 0.997596153125 0.08653846093749999 0.997596153125 0.08653846093749999 0.40865384687499995 0 0.40865384687499995 0 0.997596153125