0 1 0.4134615390625 0.615384615625 0.4134615390625 0.615384615625 0.997596153125 1 0.997596153125 1 0.4134615390625
1 0.002403846875 0 0.002403846875 0.997596153125 0.86298076875 0.997596153125 0.86298076875 0 0.002403846875 0
1 0.6177884609375 0.83173076875 0.8509615390624999 0.83173076875 0.8509615390624999 0.34375 0.6177884609375 0.34375 0.6177884609375 0.83173076875
1 0.002403846875 0.997596153125 0.634615384375 0.997596153125 0.634615384375 0.3822115390625 0.002403846875 0.3822115390625 0.002403846875 0.997596153125
1 1 0.34375 0.94951923125 0.34375 0.94951923125 0.4375 1 0.4375 1 0.34375
1 0.7139423078125 0.6634615390625 0.8341346156249999 0.6634615390625 0.8341346156249999 0.346153846875 0.7139423078125 0.346153846875 0.7139423078125 0.6634615390625
1 0.6298076921875 0 0.6298076921875 0.3052884609375 0.8485576921875 0.3052884609375 0.8485576921875 0 0.6298076921875 0
1 0.6201923078125 0.8293269234375 0.73798076875 0.8293269234375 0.73798076875 0.3701923078125 0.6201923078125 0.3701923078125 0.6201923078125 0.8293269234375
1 0.8822115390624999 0.4302884609375 0.9447115390624999 0.4302884609375 0.9447115390624999 0.3798076921875 0.8822115390624999 0.3798076921875 0.8822115390624999 0.4302884609375
1 1 0.341346153125 0.875 0.341346153125 0.875 0.43990384687499995 1 0.43990384687499995 1 0.341346153125
1 0.627403846875 0.5769230765625 0.7259615390625 0.5769230765625 0.7259615390625 0.372596153125 0.627403846875 0.372596153125 0.627403846875 0.5769230765625