0 1 0.489143475 0.9947660125000001 0.44651606875 0.0046057890625 0.5680924578125001 0.0576373671875 1 0.510856521875 1 1 0.9399407328124999 1 0.489143475
1 0.23470959218749998 1 0.26545709687499996 0.99622468125 0.22649406249999998 0.6788962234375 0.0213042328125 0.704090365625 0.0576373671875 1 0.23470959218749998 1
1 1 0.489143475 0.995644878125 0.453673853125 0.7642098374999999 0.48209050312499996 0.7990715015625 0.7660159640625 1 0.741345046875 1 0.489143475
1 0.71503260625 0.19992277187500002 0.6362969734374999 0.2095902921875 0.6556320125 0.36706155625000003 0.7343676453125 0.3573940375 0.71503260625 0.19992277187500002
1 0.23470958749999998 1 0.31794751875 0.9897796671875 0.200472503125 0.0330224390625 0 0.0576373671875 0 0.53058130625 0.0576373671875 1 0.23470958749999998 1
1 0.0321435734375 0.7923697109375001 0.163369628125 0.7762571781250001 0.1361247984375 0.5543658515625001 0.004898745312499999 0.570478384375 0.0321435734375 0.7923697109375001
1 0.7030122828125001 0.5162455015625 0.40715717968750004 0.552571940625 0.43674565000000004 0.7935506953125 0.7326007531250001 0.75722425625 0.7030122828125001 0.5162455015625
1 0.481589165625 0.1922575421875 0.40046760625 0.20221801718750002 0.422732196875 0.383548565625 0.5038537578125 0.373588090625 0.481589165625 0.1922575421875
1 0.0415181390625 0.868719415625 0.23239239843749998 0.845283003125 0.21217849375000003 0.6806539546875 0.0213042328125 0.704090365625 0.0415181390625 0.868719415625
1 0.7743394609375 0.4856905375 0.507115496875 0.518501515625 0.5267434921875 0.6783587078125 0.79396745625 0.64554773125 0.7743394609375 0.4856905375
1 0.5321043140625 0.544496059375 0.24579292343749998 0.5796506765625 0.284463003125 0.89459320625 0.57077439375 0.8594385875 0.5321043140625 0.544496059375