0 1 0.49045763750000004 0.0481451453125 0.7455063765625 0.11633650625 1 0.5565384984375 1 1 0.8811748484375 1 0.49045763750000004
1 0.748581275 0.5453818578125 0.50245594375 0.611330940625 0.5453850640625 0.7715446 0.7915103953125 0.705595515625 0.748581275 0.5453818578125
1 0.43417374999999997 0 0 0.11633650625 0 0.56582625 0.11633650625 1 0.31505704375 1 0.8889216828125001 0.8462334328125 0.66217411875 0 0.43417374999999997 0
1 0.6210087421875 0.6915538234375 0.13108001875 0.8228298296875 0.1764977828125 0.9923312390625 0.6664265078125 0.8610552328125 0.6210087421875 0.6915538234375
1 0.9289928375000001 0.5592568421874999 0.8175398578124999 0.589120578125 0.8368268546875001 0.6611006265625 0.9482798328125 0.631236890625 0.9289928375000001 0.5592568421874999
1 0.86739888125 0.3293850703125 0.6352051734375 0.3916011875 0.716086125 0.6934530078125001 0.9482798328125 0.631236890625 0.86739888125 0.3293850703125
1 1 0.44346150156249997 0.9507772390625 0.259759659375 0.79288551875 0.3020666171875 0.8594567640624999 0.5505138859375001 1 0.5128554390625 1 0.44346150156249997
1 1 0.44346150156249997 0.964464784375 0.310842275 0.9110602328124999 0.32515198125 0.9633217703125 0.5201946953125 1 0.51036679375 1 0.44346150156249997
1 0.749658890625 0.540115821875 0.09951650625 0.7143209484375 0.174175846875 0.9929534 0.82431823125 0.8187482734374999 0.749658890625 0.540115821875
1 0.069298625 0.8244522375000001 0.083230246875 0.8207192703124999 0.0384346421875 0.6535398 0.024503020312500002 0.6572727671874999 0.069298625 0.8244522375000001
1 0 0.352208040625 0.1706095875 0.9889316859375 0.6489286265625 0.8607664859374999 0.456680825 0.1432879265625 0 0.265655184375 0 0.352208040625
1 0.4946565953125 0.5636478765625 0.12546859999999999 0.6625715015625 0.18084094374999998 0.8692239031250001 0.5500289390625 0.770300278125 0.4946565953125 0.5636478765625
1 0.4341737515625 0 0.047841223437500004 0.1035174890625 0.109435178125 0.33338925937499997 0.7084949453125 0.17287167812499998 0.66217411875 0 0.4341737515625 0
1 1 0.443461503125 0.964464784375 0.310842275 0.9482112265625 0.315197403125 1 0.5084757328125 1 0.443461503125