0 0.919549815625 1 0.9911516062500001 0.59392606875 0.008711179687499999 0.4206953140625 0 0.4700988703125 0 0.9171088859375001 0.47009886874999995 1 0.919549815625 1
1 0.919549815625 1 0.967358465625 0.7288636687500001 0.763768403125 0.6929652468749999 0.7096298921875 1 0.919549815625 1
1 0 0.716952678125 0.18741616562500002 0.7499992046874999 0.23708956250000002 0.46828737187499997 0.007458909375 0.42779729218749996 0 0.47009886874999995 0 0.716952678125
1 0.273416965625 0.34532361875 0.3515387359375 0.35909859375000003 0.3790886875 0.20285505625 0.3009669171875 0.1890800796875 0.273416965625 0.34532361875
1 1 0.080450184375 0.8235567218750001 0.0493384734375 0.656169896875 0.9986363328125 0.6639036375 1 0.919549815625 1 1 0.543744334375 1 0.080450184375
1 0.9907341828125 0.59629339375 0.860531234375 0.5733351015625 0.8217108484375 0.79349645 0.951913796875 0.8164547421874999 0.9907341828125 0.59629339375
1 0.254255940625 0.74469835625 0.54780440625 0.796458871875 0.5899641796874999 0.5573589109375 0.2964157140625 0.505598396875 0.254255940625 0.74469835625
1 0.5027674125 0.3735596421875 0.5832565062499999 0.3877520421875 0.61498069375 0.207835240625 0.5344915984374999 0.1936428421875 0.5027674125 0.3735596421875
1 0.967358465625 0.7288636687500001 0.777972359375 0.6954697875 0.7491701390625 0.8588153046875 0.9385562453125 0.892209184375 0.967358465625 0.7288636687500001
1 0.1988180359375 0.6299631953125 0.463958584375 0.6767146265624999 0.49192595937499994 0.5181037625 0.2267854109375 0.47135233125 0.1988180359375 0.6299631953125
1 0.41051103749999995 0.85524194375 0.6945901984375 0.9053327640625 0.7496901 0.5928456890625 0.46561094062499997 0.54275486875 0.41051103749999995 0.85524194375