0 1 0.4998737828125 0.014567935937500002 0.3613803390625 0 0.4650365890625 0 0.9322158984375 0.4823089453125 1 0.932215896875 1 1 0.5176910578125 1 0.4998737828125
1 0.4228476546875 0.3580735578125 0.1586174734375 0.320938428125 0.137206228125 0.4732873609375 0.401436409375 0.510422490625 0.4228476546875 0.3580735578125
1 0.7138547171875 0.36013241093750004 0.663865225 0.35310684531250003 0.6488104421875 0.46022719062500006 0.698799934375 0.46725275625 0.7138547171875 0.36013241093750004
1 0.5649670828125 0.365909790625 0.4554662859375 0.35052045625 0.4400769515625 0.46002125312500003 0.5495777484375 0.47541058593749996 0.5649670828125 0.365909790625
1 0.5559342125 0.43018199687500003 0.44643341562499994 0.41479266406250004 0.4400769515625 0.46002125312500003 0.5495777484375 0.47541058593749996 0.5559342125 0.43018199687500003
1 0.5082093796875 0.3724978359375 0.4153717484375 0.3594503578125 0.40500067656249994 0.43324437343750005 0.4978383078125 0.44629185156249995 0.5082093796875 0.3724978359375
1 0.160367421875 0.3430315984375 0.027062104687499998 0.3242967578125 0.01033456875 0.44331936250000004 0.1436398859375 0.462054203125 0.160367421875 0.3430315984375
1 1 0.06535663124999999 0.8980889375000001 0.051033965625 0.869986678125 0.25099194062499997 1 0.269264121875 1 0.06535663124999999
1 0.0055350671875 0.42565254531249996 0.367363784375 0.47650425468749996 0.4158736390625 0.131338703125 0.054044921875 0.0804869921875 0.0055350671875 0.42565254531249996
1 0.5679394421875 0.3274880078125 0.032337721874999996 0.25221409375000003 0.0042354625 0.45217206875000004 0.53983718125 0.5274459828125 0.5679394421875 0.3274880078125
1 0.40303196874999997 0.46452479999999996 0.14594314218749999 0.42839332187499995 0.1395866796875 0.4736219109375 0.3966755046875 0.5097533890625 0.40303196874999997 0.46452479999999996
1 0.3999567703125 0.1582313734375 0.0857370953125 0.114070678125 0.07268961562500001 0.20690830937500002 0.38690929218750003 0.25106900468750004 0.3999567703125 0.1582313734375