0 1 0.44899511406250003 0.0429126140625 0.245559909375 0 0.447447884375 0 0.902434465625 0.4590097484375 1 0.902434465625 1 1 0.5409902515625 1 0.44899511406250003
1 0 0.5976983296875 0.0564425234375 0.6096955578125 0.1134183234375 0.3416454921875 0.026419618750000002 0.32315334687499997 0 0.44744788125 0 0.5976983296875
1 0.22043167812500003 0.3815947296875 0.2651066875 0.391090696875 0.283598834375 0.3040919921875 0.23892382343750002 0.29459602500000004 0.22043167812500003 0.3815947296875
1 1 0.0951079828125 0.8179256328125 0.05640688125 0.6794844343750001 0.707721509375 0.8746436921875 0.749203890625 1 0.1594488328125 1 0.0951079828125
1 0.4571427375 0.574447090625 0.6946256890625 0.62492565 0.7675946953125 0.2816334640625 0.53011174375 0.23115490468750002 0.4571427375 0.574447090625
1 0.16671420625 0.1834029671875 0.060904971875000005 0.1609125203125 0.021421742187500002 0.3466665125 0.1272309765625 0.36915695937500004 0.16671420625 0.1834029671875
1 1 0.3285751859375 0.9467945249999999 0.3172660140625 0.8383405906249999 0.8275016609374999 0.9347445609375 0.8479929578125001 1 0.540990253125 1 0.3285751859375
1 0.7251358812500001 0.5970050984374999 0.8897280249999999 0.6319902390625 0.9367080703124999 0.4109665015625 0.7721159265625 0.3759813625 0.7251358812500001 0.5970050984374999
1 0.6841870671875 0.7087210859375 0.8746436921875 0.749203890625 0.900632653125 0.626935440625 0.7101760296874999 0.5864526359375 0.6841870671875 0.7087210859375
1 0.2755346703125 0.5038969609375 0.47069392812500005 0.545379340625 0.5211724875 0.30789639062499996 0.3260132296875 0.266414009375 0.2755346703125 0.5038969609375
1 0.4621406140625 0.550933928125 0.5632472171875 0.5724248000000001 0.630718559375 0.2549970921875 0.52961195625 0.2335062203125 0.4621406140625 0.550933928125
1 0.18516193281249999 0.3740979140625 0.29097116875 0.3965883625 0.32245779375 0.24845543124999997 0.216648559375 0.225964984375 0.18516193281249999 0.3740979140625
1 0 0.8636748875 0.1145655203125 0.3246864921875 0.029918132812499998 0.306694134375 0 0.44744788281250003 0 0.8636748875