1 0.6947115390625 0.783653846875 0.490384615625 0.783653846875 0.490384615625 0.997596153125 0.6947115390625 0.997596153125 0.6947115390625 0.783653846875
1 0.478365384375 0.014423076562500001 0.372596153125 0.014423076562500001 0.372596153125 0.28125 0.478365384375 0.28125 0.478365384375 0.014423076562500001
1 0.997596153125 0.8173076921875 0.69951923125 0.8173076921875 0.69951923125 0.997596153125 0.997596153125 0.997596153125 0.997596153125 0.8173076921875
1 0 0.997596153125 0.1802884609375 0.997596153125 0.1802884609375 0.8822115390624999 0 0.8822115390624999 0 0.997596153125
1 0.997596153125 0.185096153125 0.3125 0.185096153125 0.3125 0.997596153125 0.997596153125 0.997596153125 0.997596153125 0.185096153125
1 0.997596153125 0.6322115390625 0.8389423078125 0.6322115390625 0.8389423078125 0.8076923078125 0.997596153125 0.8076923078125 0.997596153125 0.6322115390625
1 0 0.98076923125 0.2980769234375 0.98076923125 0.2980769234375 0.64423076875 0 0.64423076875 0 0.98076923125
1 0.9903846156249999 0.41826923125000004 0.716346153125 0.41826923125000004 0.716346153125 0.5480769234375 0.9903846156249999 0.5480769234375 0.9903846156249999 0.41826923125000004
1 0.7644230765625 0.572115384375 0.6177884609375 0.572115384375 0.6177884609375 0.7884615390625 0.7644230765625 0.7884615390625 0.7644230765625 0.572115384375
1 0.685096153125 0.57451923125 0.6177884609375 0.57451923125 0.6177884609375 0.7860576921875 0.685096153125 0.7860576921875 0.685096153125 0.57451923125
1 0 0 0 0.997596153125 0.322115384375 0.997596153125 0.322115384375 0 0 0