0 0 0.997596153125 0.384615384375 0.997596153125 0.384615384375 0.4134615390625 0 0.4134615390625 0 0.997596153125
1 0.13701923124999998 0 0.13701923124999998 0.997596153125 0.997596153125 0.997596153125 0.997596153125 0 0.13701923124999998 0
1 0.3822115390625 0.34375 0.1490384609375 0.34375 0.1490384609375 0.83173076875 0.3822115390625 0.83173076875 0.3822115390625 0.34375
1 0.997596153125 0.3822115390625 0.365384615625 0.3822115390625 0.365384615625 0.997596153125 0.997596153125 0.997596153125 0.997596153125 0.3822115390625
1 0 0.4375 0.05048076875 0.4375 0.05048076875 0.34375 0 0.34375 0 0.4375
1 0.2860576921875 0.346153846875 0.165865384375 0.346153846875 0.165865384375 0.6634615390625 0.2860576921875 0.6634615390625 0.2860576921875 0.346153846875
1 0.1514423078125 0 0.1514423078125 0.3052884609375 0.3701923078125 0.3052884609375 0.3701923078125 0 0.1514423078125 0
1 0.3798076921875 0.3701923078125 0.26201923125 0.3701923078125 0.26201923125 0.8293269234375 0.3798076921875 0.8293269234375 0.3798076921875 0.3701923078125
1 0.11778846093749999 0.3798076921875 0.05528846093749999 0.3798076921875 0.05528846093749999 0.4302884609375 0.11778846093749999 0.4302884609375 0.11778846093749999 0.3798076921875
1 0 0.43990384687499995 0.125 0.43990384687499995 0.125 0.341346153125 0 0.341346153125 0 0.43990384687499995
1 0.372596153125 0.372596153125 0.2740384609375 0.372596153125 0.2740384609375 0.5769230765625 0.372596153125 0.5769230765625 0.372596153125 0.372596153125