0 0 0.997596153125 0.997596153125 0.997596153125 0.997596153125 0.4302884609375 0 0.4302884609375 0 0.997596153125
1 0.40384615312500005 0.3701923078125 0.13701923124999998 0.3701923078125 0.13701923124999998 0.5240384609375 0.40384615312500005 0.5240384609375 0.40384615312500005 0.3701923078125
1 0.6923076921875 0.33173076875 0.6418269234375 0.33173076875 0.6418269234375 0.43990384687499995 0.6923076921875 0.43990384687499995 0.6923076921875 0.33173076875
1 0.5456730765625 0.3581730765625 0.43509615312500005 0.3581730765625 0.43509615312500005 0.46875 0.5456730765625 0.46875 0.5456730765625 0.3581730765625
1 0.5456730765625 0.4230769234375 0.43509615312500005 0.4230769234375 0.43509615312500005 0.46875 0.5456730765625 0.46875 0.5456730765625 0.4230769234375
1 0.490384615625 0.372596153125 0.396634615625 0.372596153125 0.396634615625 0.447115384375 0.490384615625 0.447115384375 0.490384615625 0.372596153125
1 0.1418269234375 0.3918269234375 0.007211539062499999 0.3918269234375 0.007211539062499999 0.51201923125 0.1418269234375 0.51201923125 0.1418269234375 0.3918269234375
1 0.83173076875 0 0.83173076875 0.20192307656250003 0.98076923125 0.20192307656250003 0.98076923125 0 0.83173076875 0
1 0 0.49519230781249995 0.365384615625 0.49519230781249995 0.365384615625 0.146634615625 0 0.146634615625 0 0.49519230781249995
1 0.54326923125 0.3197115390625 0.002403846875 0.3197115390625 0.002403846875 0.521634615625 0.54326923125 0.521634615625 0.54326923125 0.3197115390625
1 0.3990384609375 0.478365384375 0.1394230765625 0.478365384375 0.1394230765625 0.5240384609375 0.3990384609375 0.5240384609375 0.3990384609375 0.478365384375
1 0.353365384375 0.17548076875000002 0.036057692187500004 0.17548076875000002 0.036057692187500004 0.26923076875 0.353365384375 0.26923076875 0.353365384375 0.17548076875000002