0 0 0.997596153125 0.997596153125 0.997596153125 0.997596153125 0.4831730765625 0 0.4831730765625 0 0.997596153125
1 0.3269230765625 0.165865384375 0.064903846875 0.165865384375 0.064903846875 0.521634615625 0.3269230765625 0.521634615625 0.3269230765625 0.165865384375
1 0.322115384375 0 0.322115384375 0.5360576921875 0.564903846875 0.5360576921875 0.564903846875 0 0.322115384375 0
1 0.759615384375 0 0.759615384375 0.685096153125 0.997596153125 0.685096153125 0.997596153125 0 0.759615384375 0
1 0.5264423078125 0 0.5264423078125 0.5456730765625 0.7740384609375 0.5456730765625 0.7740384609375 0 0.5264423078125 0
1 0.5625 0.415865384375 0.35576923125 0.415865384375 0.35576923125 0.533653846875 0.5625 0.533653846875 0.5625 0.415865384375
1 0.560096153125 0.221153846875 0.3509615390625 0.221153846875 0.3509615390625 0.533653846875 0.560096153125 0.533653846875 0.560096153125 0.221153846875
1 0 0 0 0.197115384375 0.2139423078125 0.197115384375 0.2139423078125 0 0 0
1 0 0 0 0.70673076875 0.997596153125 0.70673076875 0.997596153125 0 0 0
1 0.528846153125 0 0.528846153125 0.4134615390625 0.6730769234375 0.4134615390625 0.6730769234375 0 0.528846153125 0
1 0.064903846875 0 0.064903846875 0.5360576921875 0.67548076875 0.5360576921875 0.67548076875 0 0.064903846875 0
1 0 0.997596153125 0.01201923125 0.997596153125 0.01201923125 0.5144230765625 0 0.5144230765625 0 0.997596153125
1 0 0 0 0.997596153125 0.021634615625 0.997596153125 0.021634615625 0 0 0