0 0.888165375 1 0.9607167859375 0.7090121859375 0 0.4694785890625 0 0.8881653765624999 0.44854417812499997 1 0.888165375 1
1 0.38930752343749997 0 0.2470147203125 0.5707052625 0.9514120984375 0.7463312531249999 1 0.5514558234375 1 0.10935718750000001 0.5613922796875 0 0.38930752343749997 0
1 1 0.47601780624999995 0.92207789375 0.45658964218750003 0.8464773015624999 0.75980705625 0.942107409375 0.7836503203125 1 0.5514558218750001 1 0.47601780624999995
1 0.12669924375 0 0 0.5081629078125001 0 0.7246545609374999 0.22207733593749998 0.780024659375 0.41655932656249994 0 0.12669924375 0
1 0.715735178125 0.52901445625 0.5034829875 0.47609404062499994 0.4430025140625 0.718667971875 0.6552547046874999 0.7715883875 0.715735178125 0.52901445625
1 0 0.7271319953125001 0.2121660265625 0.780030928125 0.24415089218750002 0.6517466390625 0 0.590872984375 0 0.7271319953125001
1 1 0.33232648125 0.3493725609375 0.170106840625 0.315643065625 0.3053884578125 1 0.47601780624999995 1 0.33232648125
1 0.771075809375 0.45610214375 0.6614510515625 0.4287696203125 0.589921259375 0.71565994375 0.69954601875 0.742992465625 0.771075809375 0.45610214375
1 0.6662977531250001 0.7173606859375 0.4797024203125 0.67083724375 0.46632693124999997 0.724483403125 0.6529222625 0.7710068437500001 0.6662977531250001 0.7173606859375
1 0.406164678125 0.5484498890625 0.33852387031250003 0.5315851421875 0.32805609687500004 0.573569090625 0.395696903125 0.5904338375 0.406164678125 0.5484498890625
1 0.957227528125 0.7230068375 0.8639298625 0.6997451171875 0.8488097437500001 0.7603886 0.942107409375 0.7836503203125 0.957227528125 0.7230068375
1 0 0.58765455 0.0323924703125 0.457735446875 0 0.44965909687499994 0 0.58765455
1 0.10935718593749999 0 0 0.43860771718749997 0 0.607527459375 0.15147360781250002 0 0.10935718593749999 0