0 0.997596153125 0.55048076875 0.2139423078125 0.55048076875 0.2139423078125 0.997596153125 0.997596153125 0.997596153125 0.997596153125 0.55048076875
1 0.9447115390624999 0.4206730765625 0.810096153125 0.4206730765625 0.810096153125 0.6923076921875 0.9447115390624999 0.6923076921875 0.9447115390624999 0.4206730765625
1 0 0.997596153125 0.44951923125000004 0.997596153125 0.44951923125000004 0.83173076875 0 0.83173076875 0 0.997596153125
1 0.521634615625 0.247596153125 0.2235576921875 0.247596153125 0.2235576921875 0.7235576921875 0.521634615625 0.7235576921875 0.521634615625 0.247596153125
1 0.627403846875 0.48798076874999996 0.5769230765625 0.48798076874999996 0.5769230765625 0.5769230765625 0.627403846875 0.5769230765625 0.627403846875 0.48798076874999996
1 0.9591346156249999 0.61298076875 0.8125 0.61298076875 0.8125 0.8966346156249999 0.9591346156249999 0.8966346156249999 0.9591346156249999 0.61298076875
1 0.365384615625 0.377403846875 0.2235576921875 0.377403846875 0.2235576921875 0.7235576921875 0.365384615625 0.7235576921875 0.365384615625 0.377403846875
1 0 0 0 0.2884615390625 0.5673076921875 0.2884615390625 0.5673076921875 0 0 0
1 0 0 0 0.7259615390625 0.572115384375 0.7259615390625 0.572115384375 0 0 0
1 0.997596153125 0.5697115390625 0.935096153125 0.5697115390625 0.935096153125 0.6947115390625 0.997596153125 0.6947115390625 0.997596153125 0.5697115390625
1 0 0.9855769234375 0.23798076875000002 0.9855769234375 0.23798076875000002 0.290865384375 0 0.290865384375 0 0.9855769234375
1 0.51201923125 0.2740384609375 0.4519230765625 0.2740384609375 0.4519230765625 0.6418269234375 0.51201923125 0.6418269234375 0.51201923125 0.2740384609375
1 0.459134615625 0.252403846875 0.3076923078125 0.252403846875 0.3076923078125 0.6802884609375 0.459134615625 0.6802884609375 0.459134615625 0.252403846875
1 0.997596153125 0.43509615312500005 0.9591346156249999 0.43509615312500005 0.9591346156249999 0.6947115390625 0.997596153125 0.6947115390625 0.997596153125 0.43509615312500005
1 0.997596153125 0.4230769234375 0.7355769234375 0.4230769234375 0.7355769234375 0.7043269234375 0.997596153125 0.7043269234375 0.997596153125 0.4230769234375