0 0 0.997596153125 0.997596153125 0.997596153125 0.997596153125 0.5697115390625 0 0.5697115390625 0 0.997596153125
1 0.716346153125 0.44951923125000004 0.6201923078125 0.44951923125000004 0.6201923078125 0.625 0.716346153125 0.625 0.716346153125 0.44951923125000004
1 0.384615384375 0.23317307656250003 0.20432692343749997 0.23317307656250003 0.20432692343749997 0.6875 0.384615384375 0.6875 0.384615384375 0.23317307656250003
1 0 0.6105769234375 0.0625 0.6105769234375 0.0625 0.490384615625 0 0.490384615625 0 0.6105769234375
1 0.57451923125 0.0793269234375 0.41105769218750005 0.0793269234375 0.41105769218750005 0.73798076875 0.57451923125 0.73798076875 0.57451923125 0.0793269234375
1 0.997596153125 0.09375 0.564903846875 0.09375 0.564903846875 0.627403846875 0.997596153125 0.627403846875 0.997596153125 0.09375
1 0.3581730765625 0.49519230781249995 0.2115384609375 0.49519230781249995 0.2115384609375 0.6875 0.3581730765625 0.6875 0.3581730765625 0.49519230781249995
1 0.997596153125 0.4615384609375 0.9831730765625 0.4615384609375 0.9831730765625 0.63701923125 0.997596153125 0.63701923125 0.997596153125 0.4615384609375
1 0.997596153125 0.07211538437500001 0.1514423078125 0.07211538437500001 0.1514423078125 0.783653846875 0.997596153125 0.783653846875 0.997596153125 0.07211538437500001
1 0.997596153125 0.2956730765625 0.9831730765625 0.2956730765625 0.9831730765625 0.646634615625 0.997596153125 0.646634615625 0.997596153125 0.2956730765625
1 0.153846153125 0 0.153846153125 0.7884615390625 0.4230769234375 0.7884615390625 0.4230769234375 0 0.153846153125 0
1 0.365384615625 0.290865384375 0.2115384609375 0.290865384375 0.2115384609375 0.48076923125000004 0.365384615625 0.48076923125000004 0.365384615625 0.290865384375