0 1 0.565267621875 0.0078664734375 0.6172631375 0.027924862499999998 1 0.46716189531249996 1 1 0.9720751375000001 1 0.565267621875
1 0.47583805156250003 0.636066396875 0.54065295 0.6326695921875001 0.5260592703125 0.3542055875 0.461244371875 0.35760239375 0.47583805156250003 0.636066396875
1 0.6429858140625 0.6561922953125 0.7342067828125 0.6514116078125001 0.7238905609375 0.45456636093749997 0.6326695921875001 0.45934705 0.6429858140625 0.6561922953125
1 1 0.5074961421874999 0.693805446875 0.5235431187499999 0.710286240625 0.8380153984375 1 0.82283214375 1 0.5074961421874999
1 0.47722193593749995 0.6624724671875 0.6500616625 0.6534143203125 0.6281711421875 0.23571831250000003 0.455331415625 0.244776459375 0.47722193593749995 0.6624724671875
1 0 0.4671618875 0.0140310453125 0.734890175 0.19407242656249998 0.7254546046875 0.1569591890625 0.017291834375000002 0 0.0255177171875 0 0.4671618875
1 1 0.48690704062499995 0.9776758624999999 0.0609371171875 0.90085820625 0.06496296093750001 0.93381979375 0.6939075234375001 1 0.690439165625 1 0.48690704062499995
1 0.023507443750000002 0.7319863921875001 0.165139996875 0.72456374375 0.152685046875 0.48690912031250005 0.01105249375 0.49433176718749994 0.023507443750000002 0.7319863921875001
1 0.01611541875 0.45314496406250004 0.12414025 0.44748362343750003 0.11394983437499999 0.2530389296875 0.0059250046875 0.2587002703125 0.01611541875 0.45314496406250004
1 0 0.4671618859375 0.0128987765625 0.7132852078125 0.0297026375 0.7124045546875 0.0054217734375 0.2490980640625 0 0.2493822078125 0 0.4671618859375
1 0.173242721875 0.649517603125 0.25006037812500004 0.645491759375 0.2299311640625 0.261403475 0.1531135078125 0.26542931875 0.173242721875 0.649517603125
1 0.5284503390624999 0 0.5446179375 0.308496178125 0.9894161765625 0.285185290625 0.9744702484375001 0 0.5284503390624999 0