0 0 0.997596153125 0.997596153125 0.997596153125 0.997596153125 0.591346153125 0 0.591346153125 0 0.997596153125
1 0.271634615625 0 0.271634615625 0.6298076921875 0.997596153125 0.6298076921875 0.997596153125 0 0.271634615625 0
1 0.997596153125 0.35576923125 0.8990384609375001 0.35576923125 0.8990384609375001 0.66826923125 0.997596153125 0.66826923125 0.997596153125 0.35576923125
1 0.0168269234375 0 0.0168269234375 0.8389423078125 0.2980769234375 0.8389423078125 0.2980769234375 0 0.0168269234375 0
1 0.716346153125 0.4759615390625 0.49759615312500005 0.4759615390625 0.49759615312500005 0.7259615390625 0.716346153125 0.7259615390625 0.716346153125 0.4759615390625
1 0.2884615390625 0.709134615625 0.014423076562500001 0.709134615625 0.014423076562500001 0.841346153125 0.2884615390625 0.841346153125 0.2884615390625 0.709134615625
1 0.9927884609375001 0.216346153125 0.2740384609375 0.216346153125 0.2740384609375 0.35576923125 0.9927884609375001 0.35576923125 0.9927884609375001 0.216346153125
1 0.752403846875 0.3918269234375 0.6394230765625 0.3918269234375 0.6394230765625 0.6875 0.752403846875 0.6875 0.752403846875 0.3918269234375
1 0.7139423078125 0.6706730765625 0.521634615625 0.6706730765625 0.521634615625 0.7259615390625 0.7139423078125 0.7259615390625 0.7139423078125 0.6706730765625
1 0.4206730765625 0.5697115390625 0.3509615390625 0.5697115390625 0.3509615390625 0.61298076875 0.4206730765625 0.61298076875 0.4206730765625 0.5697115390625
1 0.997596153125 0.60576923125 0.9014423078125 0.60576923125 0.9014423078125 0.66826923125 0.997596153125 0.66826923125 0.997596153125 0.60576923125
1 0 0.7355769234375 0.036057692187500004 0.7355769234375 0.036057692187500004 0.572115384375 0 0.572115384375 0 0.7355769234375
1 0 0 0 0.740384615625 0.040865384375 0.740384615625 0.040865384375 0 0 0