0 1 0.578752071875 0.0036603078125000002 0.6135450203125 0.0171556125 1 0.43984840312499995 1 1 0.9804390749999999 1 0.578752071875
1 0.0104556421875 0.8081379453125 0.2867295484375 0.7984902484374999 0.2791791765625 0.5822758875 0.0029052703125 0.591923584375 0.0104556421875 0.8081379453125
1 0.3858067515625 0.25269280781250003 0.22328562187499998 0.2583681703125 0.22802306093750002 0.3940306703125 0.3905441890625 0.3883553078125 0.3858067515625 0.25269280781250003
1 0.5741642390624999 0.2574442359375 0.4003519171875 0.26351389531249997 0.404842709375 0.39211339375 0.5786550328125 0.38604373281250004 0.5741642390624999 0.2574442359375
1 0.7718897953125 0.24771326562499998 0.5895970640625 0.2540790671875 0.5947296390625 0.40105678593749994 0.7770223703125 0.394690984375 0.7718897953125 0.24771326562499998
1 0.9880786828125 0.23874464999999997 0.793053328125 0.24555508593750003 0.7985802 0.4038239984375 0.9936055546875 0.39701356250000003 0.9880786828125 0.23874464999999997
1 0.98722975 0.125580340625 0.779219521875 0.1328442171875 0.7829208828125 0.238837303125 0.9909311093750001 0.23157342500000003 0.98722975 0.125580340625
1 0.7700005562500001 0.152973890625 0.5877078250000001 0.15933969375 0.5905207578125 0.2398915546875 0.7728134890625 0.2335257515625 0.7700005562500001 0.152973890625
1 0.569736753125 0.1712962734375 0.388861428125 0.1776125796875 0.391427715625 0.25110143749999997 0.572303040625 0.2447851328125 0.569736753125 0.1712962734375
1 0.38596468906250003 0.176282575 0.234758778125 0.1815628015625 0.2376212078125 0.26353206875 0.38882711875 0.2582518421875 0.38596468906250003 0.176282575
1 0 0.2647583703125 0.1328108953125 0.2601205109375 0.129948465625 0.1781512421875 0 0.18268914218750001 0 0.2647583703125
1 0 0.393526715625 0.1429597171875 0.3885344515625 0.1384689234375 0.25993495312500003 0 0.26477039375 0 0.393526715625
1 0.9810590859375001 0.038074118750000004 0.77615994375 0.0452293546875 0.779170025 0.1314268125 0.9840691671874999 0.12427157656250001 0.9810590859375001 0.038074118750000004
1 0.7776639109375 0.048003075 0.578410365625 0.05496116250000001 0.5815689374999999 0.1454108375 0.780822484375 0.13845274999999999 0.7776639109375 0.048003075
1 0.5759827015625001 0.0663749546875 0.39933556875 0.072543609375 0.402494140625 0.1629932828125 0.5791412734375 0.1568246296875 0.5759827015625001 0.0663749546875
1 0.392458121875 0.0784482828125 0.23418920937499998 0.0839751546875 0.23660700625 0.153211796875 0.39487591875 0.147684925 0.392458121875 0.0784482828125
1 0.226054021875 0.0941570984375 0.08613930625 0.099043028125 0.08895223906250001 0.1795948890625 0.2288669546875 0.174708959375 0.226054021875 0.0941570984375
1 0 0.189760759375 0.08215948749999999 0.1868916859375 0.07914940625 0.100694228125 0 0.1034581859375 0 0.189760759375
1 0.7821036484375 0.499216746875 0.57720450625 0.5063719828125001 0.5833236640624999 0.6816017125 0.7882228062500001 0.6744464765625 0.7821036484375 0.499216746875
1 0.4680680375 0.5016803359375 0.2956731203125 0.5077005 0.30090385 0.6574890046874999 0.47329876718749997 0.651468840625 0.4680680375 0.5016803359375