0 0 0.997596153125 0.997596153125 0.997596153125 0.997596153125 0.591346153125 0 0.591346153125 0 0.997596153125
1 0.53125 0.35576923125 0.46634615312500005 0.35576923125 0.46634615312500005 0.634615384375 0.53125 0.634615384375 0.53125 0.35576923125
1 0.365384615625 0.46634615312500005 0.2740384609375 0.46634615312500005 0.2740384609375 0.6634615390625 0.365384615625 0.6634615390625 0.365384615625 0.46634615312500005
1 0 0.8485576921875 0.3076923078125 0.8485576921875 0.3076923078125 0.533653846875 0 0.533653846875 0 0.8485576921875
1 0.53125 0.2427884609375 0.3581730765625 0.2427884609375 0.3581730765625 0.6610576921875 0.53125 0.6610576921875 0.53125 0.2427884609375
1 0.8173076921875 0 0.8173076921875 0.709134615625 0.997596153125 0.709134615625 0.997596153125 0 0.8173076921875 0
1 0 0.716346153125 0.0769230765625 0.716346153125 0.0769230765625 0.08653846093749999 0 0.08653846093749999 0 0.716346153125
1 0.98798076875 0.46875 0.846153846875 0.46875 0.846153846875 0.70673076875 0.98798076875 0.70673076875 0.98798076875 0.46875
1 0.98076923125 0.23317307656250003 0.872596153125 0.23317307656250003 0.872596153125 0.427884615625 0.98076923125 0.427884615625 0.98076923125 0.23317307656250003
1 0.997596153125 0.2235576921875 0.98076923125 0.2235576921875 0.98076923125 0.6875 0.997596153125 0.6875 0.997596153125 0.2235576921875
1 0.8341346156249999 0.247596153125 0.7572115390625 0.247596153125 0.7572115390625 0.6322115390625 0.8341346156249999 0.6322115390625 0.8341346156249999 0.247596153125
1 0.4454206734375 0.00001201875 0.00001201875 0.00001201875 0.00001201875 0.31109375 0.4454206734375 0.31109375 0.4454206734375 0.00001201875