0 0.8977179578125 1 0.9655551234375 0.7061649578125 0 0.4832489921875 0 0.89525088125 0.45371828281250004 1 0.8977179578125 1
1 0.970421853125 0.6850848359375 0.70106474375 0.622898846875 0.6523974484374999 0.8337000625 0.9217545578124999 0.89588605 0.970421853125 0.6850848359375
1 0.6287476109375 0.4112916875 0.7871998578125 0.447873271875 0.81773588125 0.3156072203125 0.659283634375 0.27902563593749996 0.6287476109375 0.4112916875
1 0.4445339625 0.37312934375 0.6139947171875 0.412252440625 0.64294094375 0.28687256250000004 0.47348018906249995 0.24774946406249998 0.4445339625 0.37312934375
1 0.24816121875000002 0.343767446875 0.4258900671875 0.384799384375 0.4589730125 0.241501403125 0.281244165625 0.2004694640625 0.24816121875000002 0.343767446875
1 0.0351141078125 0.30472133281249997 0.2252568046875 0.348619234375 0.260881265625 0.19431274375000002 0.0707385671875 0.15041484375 0.0351141078125 0.30472133281249997
1 0.0693068828125 0.14283110625 0.2721093625 0.189651746875 0.295967153125 0.0863123078125 0.09316467187500001 0.039491665625 0.0693068828125 0.14283110625
1 0.28304454687499997 0.1863663671875 0.4607733953125 0.22739830468750002 0.478904665625 0.148863140625 0.3011758171875 0.10783120312500001 0.28304454687499997 0.1863663671875
1 0.4777226625 0.235678078125 0.654069590625 0.27639097343749996 0.6706110640625 0.20474198437500002 0.4942641359375 0.1640290875 0.4777226625 0.235678078125
1 0.6552580453125 0.2839062234375 0.8026783640625 0.317940884375 0.8211286765624999 0.23802380156249997 0.6737083578124999 0.2039891390625 0.6552580453125 0.2839062234375
1 1 0.27206629375 0.9246642843749999 0.2546736734375 0.906213971875 0.33459075625 1 0.3562429671875 1 0.27206629375
1 1 0.35625530156249996 0.9006953031249999 0.33332900625 0.8717490765625 0.458708884375 1 0.48831794375 1 0.35625530156249996
1 0.1054769078125 0 0.096516909375 0.038810015625 0.29628619375 0.0849303890625 0.315688221875 0.0008909703125 0.31182900625 0 0.1054769078125 0
1 0.293323484375 0.091511934375 0.487588515625 0.13636155156250002 0.5079476671875 0.0481763765625 0.3136826359375 0.0033267593749999997 0.293323484375 0.091511934375
1 0.487793721875 0.1480288609375 0.660018315625 0.187790040625 0.6803774671875 0.09960486562500001 0.5081528734375 0.0598436859375 0.487793721875 0.1480288609375
1 0.670417540625 0.174216565625 0.82472403125 0.2098410265625 0.8403083796875 0.14233779375 0.6860018906249999 0.10671333281249999 0.670417540625 0.174216565625
1 0.8282200234375001 0.23242009531250002 0.9646318328125 0.26391324374999997 0.9827631046875 0.1853780796875 0.8463512953125001 0.15388493281249999 0.8282200234375001 0.23242009531250002
1 1 0.1908007703125 0.9893095171875 0.188332678125 0.9699074890625001 0.27237209687499997 1 0.2793195 1 0.1908007703125
1 0.18378670156250002 0.6162458984375 0.3835559859375 0.6623662718750001 0.422998125 0.491523596875 0.22322884062499998 0.4454032234375 0.18378670156250002 0.6162458984375
1 0.4973090375 0.6537807671875 0.665387875 0.692584825 0.6991034953125 0.5465464265625 0.531024659375 0.50774236875 0.4973090375 0.6537807671875