0 0 0.997596153125 0.997596153125 0.997596153125 0.997596153125 0.596153846875 0 0.596153846875 0 0.997596153125
1 0 0.790865384375 0.2764423078125 0.790865384375 0.2764423078125 0.57451923125 0 0.57451923125 0 0.790865384375
1 0.39450721093749996 0.2488581734375 0.23188701875 0.2488581734375 0.23188701875 0.38460336562499997 0.39450721093749996 0.38460336562499997 0.39450721093749996 0.2488581734375
1 0.582584134375 0.2601802890625 0.408665865625 0.2601802890625 0.408665865625 0.3888581734375 0.582584134375 0.3888581734375 0.582584134375 0.2601802890625
1 0.780528846875 0.25735576875 0.598125 0.25735576875 0.598125 0.4044230765625 0.780528846875 0.4044230765625 0.780528846875 0.25735576875
1 0.9968990390625001 0.25593750000000004 0.8017548078125 0.25593750000000004 0.8017548078125 0.41430288437499996 0.9968990390625001 0.41430288437499996 0.9968990390625001 0.25593750000000004
1 1 0.1428125 0.79186298125 0.1428125 0.79186298125 0.2488701921875 1 0.2488701921875 1 0.1428125
1 0.781947115625 0.1626081734375 0.59954326875 0.1626081734375 0.59954326875 0.24320913437499997 0.781947115625 0.24320913437499997 0.781947115625 0.1626081734375
1 0.5811658656249999 0.17393028906250002 0.4001802890625 0.17393028906250002 0.4001802890625 0.2474639421875 0.5811658656249999 0.2474639421875 0.5811658656249999 0.17393028906250002
1 0.39733173125 0.17250000000000001 0.24603365312499997 0.17250000000000001 0.24603365312499997 0.25451923125000003 0.39733173125 0.25451923125000003 0.39733173125 0.17250000000000001
1 0.14140625 0.1654326921875 0.0028245187500000003 0.1654326921875 0.0028245187500000003 0.24745192343750003 0.14140625 0.24745192343750003 0.14140625 0.1654326921875
1 0 0.3761418265625 0.1470673078125 0.3761418265625 0.1470673078125 0.2474639421875 0 0.2474639421875 0 0.3761418265625
1 0.9968870187500001 0.055144231249999995 0.79186298125 0.055144231249999995 0.79186298125 0.14139423125 0.9968870187500001 0.14139423125 0.9968870187500001 0.055144231249999995
1 0.79326923125 0.05796875 0.59389423125 0.05796875 0.59389423125 0.1484735578125 0.79326923125 0.1484735578125 0.79326923125 0.05796875
1 0.5910697109374999 0.069290865625 0.414314903125 0.069290865625 0.414314903125 0.1597956734375 0.5910697109374999 0.1597956734375 0.5910697109374999 0.069290865625
1 0.4072355765625 0.0749519234375 0.2488701921875 0.0749519234375 0.2488701921875 0.14423076875000002 0.4072355765625 0.14423076875000002 0.4072355765625 0.0749519234375
1 0.24038461562500002 0.08484375 0.100384615625 0.08484375 0.100384615625 0.1654447109375 0.24038461562500002 0.1654447109375 0.24038461562500002 0.08484375
1 0.093341346875 0.08625000000000001 0.0014182687500000001 0.08625000000000001 0.0014182687500000001 0.17250000000000001 0.093341346875 0.17250000000000001 0.093341346875 0.08625000000000001
1 0.781959134375 0.5090625 0.576935096875 0.5090625 0.576935096875 0.6843990390625 0.781959134375 0.6843990390625 0.781959134375 0.5090625
1 0.46802884687499996 0.500564903125 0.29552884687500003 0.500564903125 0.29552884687500003 0.6504447109375 0.46802884687499996 0.6504447109375 0.46802884687499996 0.500564903125