0 0.9502020218749999 1 0.9899741078125001 0.6215938828125 0 0.5175434125 0 0.947784934375 0.4967931640625 1 0.9502020218749999 1
1 0.3857427953125 0.437232253125 0.290115690625 0.4271814390625 0.27177295625000003 0.60170090625 0.3674000609375 0.6117517203125 0.3857427953125 0.437232253125
1 0.8219443562500001 0.265541034375 0.642643534375 0.24669575937500002 0.5951534390625 0.69853383125 0.7744542609375 0.7173791078125 0.8219443562500001 0.265541034375
1 0.9235448937499999 0.6557023734375 0.9857025125 0.6622354031250001 0.9982660296875 0.542701521875 0.9361084109375 0.5361684921875 0.9235448937499999 0.6557023734375
1 0.6324273828125 0.0909284171875 0.46986130312499996 0.073842034375 0.40101322812499995 0.7288877046875 0.5635793078125 0.7459740874999999 0.6324273828125 0.0909284171875
1 0 0.57555350625 0.422134375 0.619921615625 0.477916390625 0.08919118125 0.04759441875 0.04396251875 0 0.496793159375 0 0.57555350625
1 0.7873838578125001 0.5253710859375 0.641552521875 0.5100435953125 0.62145089375 0.70129780625 0.7672822296875 0.716625296875 0.7873838578125001 0.5253710859375
1 0 0.585221853125 0.0051513859375 0.5857632859375 0.023494121875000003 0.41124381874999993 0.00915005625 0.40973619531249994 0 0.49679316250000005 0 0.585221853125
1 0 0.7326641734375 0.8169983562500001 0.8185341609375 0.891374378125 0.11089358125 0.0498558515625 0.0224464203125 0 0.49679316250000005 0 0.7326641734375
1 0 0.5948902031250001 0.0041463046875 0.595325996875 0.040831775 0.2462870609375 0.026487709375 0.2447794390625 0 0.49679316093750003 0 0.5948902031250001
1 0.8141051390625 0.823064246875 0.8965218109374999 0.03892198125 0.6287659156250001 0.010779703125 0.5463492421875 0.7949219671875001 0.8141051390625 0.823064246875
1 0.8087418359375 0.3221634875 0.6557384671875 0.306082184375 0.635888109375 0.49494571875000004 0.7888914796875001 0.5110270203125 0.8087418359375 0.3221634875