0 0.9638478265625 1 0.9918565703125 0.599456296875 0 0.5300989296874999 0 0.9638478265625 0.5170001671875 1 0.9638478265625 1
1 0.5528906078125 0.708524340625 0.48095089375000005 0.703493825 0.474914275 0.7898214828125 0.5468539906250001 0.7948519984375 0.5528906078125 0.708524340625
1 0.942470890625 0.4441908 0.5036386265624999 0.4135046578125 0.46574208125 0.9554505109375 0.90457434375 0.9861366531250001 0.942470890625 0.4441908
1 0.5625143203125 0.1573723078125 0.3874610125 0.14513138750000001 0.3530858265625 0.6367194421875 0.528139134375 0.6489603625 0.5625143203125 0.1573723078125
1 0.40548758281249997 0.059642150000000005 0.1560965703125 0.04220303125 0.113169509375 0.6560886015625 0.362560521875 0.6735277187500001 0.40548758281249997 0.059642150000000005
1 0.9573114687500001 0.40426337968750004 0.87817778125 0.3987298125 0.85990024375 0.660110778125 0.93903393125 0.66564434375 0.9573114687500001 0.40426337968750004
1 0.9296260859375 0.558958975 0.685031053125 0.5418552234375 0.6555186984375 0.9639015531249999 0.9001137312499999 0.9810053046875 0.9296260859375 0.558958975
1 0.9691830359375 0.0966498609375 0.1442743015625 0.038966621875 0.082231284375 0.926223109375 0.90714001875 0.983906346875 0.9691830359375 0.0966498609375
1 0 0.6939596234375001 0.12916744062500002 0.702991890625 0.1400668890625 0.5471225078125 0 0.5373280765625 0 0.6939596234375001
1 0.0337424578125 0 0 0.48253961875 0 0.6867304765625 0.112884559375 0.6946241328125 0.1614574109375 0 0.0337424578125 0
1 0.9973901375 0.5203226109375 0.9638182703125 0.5179750375000001 0.9572786015625001 0.6114966671875 0.9908504671875 0.613844240625 0.9973901375 0.5203226109375
1 0.719624340625 0.08160873125 0.1441066171875 0.041364612499999995 0.10084418906249999 0.6600461625 0.6763619125 0.7002902828125 0.719624340625 0.08160873125