0 1 0.5300989281249999 0.0057454390625 0.5996239812499999 0.0337424578125 1 0.482999828125 1 1 0.9638478265625 1 0.5300989281249999
1 0.5813968593750001 0.6991340453125 0.5094571453125 0.7041645609375 0.5154937625 0.7904922187500001 0.587433478125 0.785461703125 0.5813968593750001 0.6991340453125
1 0.9303976546875001 0.38315388437500003 0.49156539062500004 0.4138400265625 0.5294619359375 0.9557858796875 0.9682942000000001 0.9250997390625001 0.9303976546875001 0.38315388437500003
1 0.5142213765625 0.152006425 0.33916806875 0.16424734531250001 0.3735432546875 0.6558354 0.5485965625 0.6435944796874999 0.5142213765625 0.152006425
1 0.3451214046875 0.07708126875 0.0957303921875 0.09452038593749999 0.1386574515625 0.70840595625 0.388048465625 0.6909668375 0.3451214046875 0.07708126875
1 0.9395369812500001 0.3415496265625 0.8604032953124999 0.3470831921875 0.8786808328125 0.6084641578125 0.95781451875 0.6029305921875 0.9395369812500001 0.3415496265625
1 0.9336504968750001 0.49859279531249995 0.689055465625 0.515696546875 0.7185678203125 0.9377428765625 0.9631628515624999 0.9206391249999999 0.9336504968750001 0.49859279531249995
1 0.9084814890624999 0.035277578125 0.0835727546875 0.092960815625 0.14561577187500002 0.980217303125 0.9705245078125 0.9225340640624999 0.9084814890624999 0.035277578125
1 0.0171479390625 0.762687334375 0.16102736875 0.7526263046875 0.1501279203125 0.596756921875 0.006248489062499999 0.6068179515625001 0.0171479390625 0.762687334375
1 0 0.517460384375 0.0166448875 0.7554933640625 0.143738384375 0.7466061203125001 0.09360091875 0.029606959375000002 0 0.036152173437500004 0 0.517460384375
1 1 0.5170001734375 0.99537793125 0.45090150468749995 0.9618060640625 0.453249078125 0.9683457343749999 0.5467707078124999 1 0.5445572265624999 1 0.5170001734375
1 0.6592581609375 0.0551146859375 0.0837404390625 0.09535880625000001 0.1270028671875 0.7140403562500001 0.7025205890625 0.6737962359375 0.6592581609375 0.0551146859375