0 0 0.997596153125 0.997596153125 0.997596153125 0.997596153125 0.689903846875 0 0.689903846875 0 0.997596153125
1 0 0.7740384609375 0.05048076875 0.7740384609375 0.05048076875 0.625 0 0.625 0 0.7740384609375
1 0.9302884609375001 0.6802884609375 0.4759615390625 0.6802884609375 0.4759615390625 0.997596153125 0.9302884609375001 0.997596153125 0.9302884609375001 0.6802884609375
1 0.997596153125 0.6802884609375 0.9278846156249999 0.6802884609375 0.9278846156249999 0.9158653843750001 0.997596153125 0.9158653843750001 0.997596153125 0.6802884609375
1 0.4831730765625 0.721153846875 0.3677884609375 0.721153846875 0.3677884609375 0.7956730765625 0.4831730765625 0.7956730765625 0.4831730765625 0.721153846875
1 0.8798076921875 0.1634615390625 0.2115384609375 0.1634615390625 0.2115384609375 0.49759615312500005 0.8798076921875 0.49759615312500005 0.8798076921875 0.1634615390625
1 0.4831730765625 0.7644230765625 0.3701923078125 0.7644230765625 0.3701923078125 0.7956730765625 0.4831730765625 0.7956730765625 0.4831730765625 0.7644230765625
1 0 0.4206730765625 0.064903846875 0.4206730765625 0.064903846875 0.125 0 0.125 0 0.4206730765625
1 0.3293269234375 0.560096153125 0.08653846093749999 0.560096153125 0.08653846093749999 0.8197115390624999 0.3293269234375 0.8197115390624999 0.3293269234375 0.560096153125
1 0.66826923125 0.2644230765625 0.5456730765625 0.2644230765625 0.5456730765625 0.48798076874999996 0.66826923125 0.48798076874999996 0.66826923125 0.2644230765625
1 0.997596153125 0.939903846875 0.8918269234375 0.939903846875 0.8918269234375 0.997596153125 0.997596153125 0.997596153125 0.997596153125 0.939903846875
1 0.716346153125 0.591346153125 0.459134615625 0.591346153125 0.459134615625 0.6802884609375 0.716346153125 0.6802884609375 0.716346153125 0.591346153125
1 0.4375 0.665865384375 0.32451923125 0.665865384375 0.32451923125 0.7644230765625 0.4375 0.7644230765625 0.4375 0.665865384375
1 0.8846153843750001 0.1490384609375 0.665865384375 0.1490384609375 0.665865384375 0.4927884609375 0.8846153843750001 0.4927884609375 0.8846153843750001 0.1490384609375
1 0.88701923125 0.1394230765625 0.0384615390625 0.1394230765625 0.0384615390625 0.7427884609375 0.88701923125 0.7427884609375 0.88701923125 0.1394230765625
1 0.997596153125 0.677884615625 0.8918269234375 0.677884615625 0.8918269234375 0.997596153125 0.997596153125 0.997596153125 0.997596153125 0.677884615625
1 0.7115384609375 0.622596153125 0.6322115390625 0.622596153125 0.6322115390625 0.66826923125 0.7115384609375 0.66826923125 0.7115384609375 0.622596153125