0 1 0.6812052421875 0.00339043125 0.6986011265625 0.008651368750000001 1 0.366626184375 1 1 0.98894441875 1 0.6812052421875
1 0.0048587828125 0.7827229265625 0.0553318640625 0.781841915625 0.0527307828125 0.6328261546875 0.002257703125 0.633707165625 0.0048587828125 0.7827229265625
1 0.9333693937499999 0.6727514328125 0.4791116671875 0.6806805312499999 0.48464945000000004 0.9979398953124999 0.9389071765624999 0.9900107984375 0.9333693937499999 0.6727514328125
1 1 0.671588390625 0.9309659140625 0.6727933859374999 0.9350772984375 0.9083344296875 1 0.9072012 1 0.671588390625
1 0.48703530625 0.7214138343750001 0.37166826406250003 0.7234275734375 0.37296880468750004 0.797935453125 0.4883358453125 0.7959217140625 0.48703530625 0.7214138343750001
1 0.8738764390625 0.1568842375 0.2057089890625 0.16854714375 0.2115404421875 0.5026308671875 0.8797078921875 0.4909679609375 0.8738764390625 0.1568842375
1 0.4877904578125 0.7646764734375 0.37482689687500004 0.7666482609374999 0.375372284375 0.7978935 0.4883358453125 0.7959217140625 0.4877904578125 0.7646764734375
1 0 0.42938852499999997 0.06358566875 0.4282786328125 0.05842546093749999 0.1326505890625 0 0.13367040937500002 0 0.42938852499999997
1 0.330401740625 0.5630656562499999 0.08765025625 0.5673028984374999 0.09218116875 0.82687874375 0.334932653125 0.8226415015624999 0.330401740625 0.5630656562499999
1 0.6641322187500001 0.261522253125 0.5415547359375 0.2636618515625 0.54545635625 0.48718549375000003 0.6680338390625 0.485045896875 0.6641322187500001 0.261522253125
1 1 0.9312433234374999 0.8994446265624999 0.932998525 0.9004514968749999 0.99068204375 1 0.98894441875 1 0.9312433234374999
1 0.7179074125 0.5875564796875 0.46073505 0.592045440625 0.4622873078125 0.6809742015625 0.7194596703125 0.676485240625 0.7179074125 0.5875564796875
1 0.44040426874999994 0.6669308984375 0.3274407078125 0.668902684375 0.3291607765625 0.767445365625 0.4421243375 0.7654735796875001 0.44040426874999994 0.6669308984375
1 0.8784316828125001 0.14237945000000002 0.6597149984375 0.1461971640625 0.6657142640625 0.48989480937499996 0.884430946875 0.4860770953125 0.8784316828125001 0.14237945000000002
1 0.8806673515625001 0.1327235765625 0.0322388984375 0.1475329515625 0.0427690765625 0.750806440625 0.8911975296874999 0.735997065625 0.8806673515625001 0.1327235765625
1 1 0.6691841796875 0.8948717609375001 0.6710192 0.9004514968749999 0.99068204375 1 0.98894441875 1 0.6691841796875
1 0.713645840625 0.6188856265625 0.634331 0.620270071875 0.63512810625 0.66593619375 0.7144429453125001 0.6645517484375 0.713645840625 0.6188856265625