0 0.904892015625 1 0.9495905703125 0.7897098375 0 0.58786813125 0 0.902434465625 0.45900975 1 0.904892015625 1
1 0.9630848390625 0.7262242953125 0.913707196875 0.715728753125 0.8827203578124999 0.8615103671875 0.9320980000000001 0.8720059078125001 0.9630848390625 0.7262242953125
1 0 0.902434465625 0.4200571046875 0.9917203609374999 0.486029084375 0.681346603125 0.041630295312499996 0.5868867234375 0 0.782741865625 0 0.902434465625
1 0 0.7943037203125 0.0439816109375 0.5873865109375 0 0.57803793125 0 0.7943037203125
1 0.454985325 0.792710425 0.5678485109375 0.816700234375 0.5833419296875 0.7438094296875 0.4704787453125 0.71981961875 0.454985325 0.792710425
1 0.1289918046875 0.41868222343749995 0.78265775 0.557623209375 0.8521282421875 0.2307902375 0.198462296875 0.091849253125 0.1289918046875 0.41868222343749995
1 0.454985325 0.792710425 0.56549719375 0.816200446875 0.571994434375 0.785633334375 0.461482565625 0.7621433125 0.454985325 0.792710425
1 1 0.24038185625000003 0.942081253125 0.5128681375 1 0.525179146875 1 0.24038185625000003
1 0.60047169375 0.8482100031250001 0.8379546453125 0.8986885625 0.8919317203125001 0.6447463953125 0.6544487671875 0.5942678359375 0.60047169375 0.8482100031250001
1 0.33790679375 0.453258278125 0.457823928125 0.4787474515625 0.5043041859375 0.26007503125000003 0.38438705156249997 0.23458585781250002 0.33790679375 0.453258278125
1 0.25089744999999997 0.63136783125 0.5024882984375 0.6848451171875001 0.5209804453125 0.5978464109375 0.269389596875 0.5443691265624999 0.25089744999999997 0.63136783125
1 0.5061575765625 0.771639278125 0.61666944375 0.7951293015625 0.6371607406249999 0.69872533125 0.526648871875 0.6752353078125 0.5061575765625 0.771639278125
1 0.12528874843749999 0.412980015625 0.3392585359375 0.45846069843750004 0.41072817968750003 0.12222245937500001 0.1967583921875 0.07674177812500001 0.12528874843749999 0.412980015625
1 1 0.2376458546875 0.196406225 0.066836725 0.0709595078125 0.657017128125 0.900974178125 0.8334421921875 1 0.367562328125 1 0.2376458546875
1 0 0.902434465625 0.013279378125 0.9052570843750001 0.07975114375 0.5925320125 0 0.575580384375 0 0.902434465625
1 0.258099021875 0.620610825 0.33569245937500003 0.6371038203125 0.3451884265625 0.5924288078125 0.2675949890625 0.5759358140625 0.258099021875 0.620610825