0 0.8712965640625001 1 0.9108406484374999 0.5480090421875 0.12537944375 0.479290090625 0.0830586265625 0.9630192453124999 0.505750584375 1 0.8712965640625001 1
1 0.5696308078125 0.9452630859375001 0.9432038203124999 0.9779464890625 0.9802869125000001 0.5540848031250001 0.6067139 0.5214014 0.5696308078125 0.9452630859375001
1 0.9581655874999999 1 0.9681375624999999 0.8860197984375 0.843613225 0.8751253312499999 0.8326881078125 1 0.9581655874999999 1
1 0.0442474421875 0 0 0.505750575 0 0.9557525578125 0.427895253125 0.9931885421875 0.514787990625 0 0.0442474421875 0
1 0.9581655874999999 1 0.9821746656249999 0.7255749796875001 0.857650328125 0.7146805125 0.8326881078125 1 0.9581655874999999 1
1 1 0.0418344125 0.567524859375 0.003997740625 0.480578625 0.9977977390625 0.5057505828125 1 0.9581655874999999 1 1 0.521830475 1 0.0418344125
1 0.21997330312500002 0.7771293953125 0.32055065312500003 0.7859287734375 0.332911684375 0.6446415453125 0.232334334375 0.6358421671875 0.21997330312500002 0.7771293953125
1 0 0.9485134734375 0.1914485984375 0.9652630546875001 0.2197323125 0.6419787171875 0 0.6227546312500001 0 0.9485134734375
1 0.0442474421875 0 0 0.505750575 0 0.9557525578125 0.5057505812499999 1 0.9581655874999999 1 1 0.521830475 1 0.0418344125 0.521830471875 0 0.0442474421875 0
1 0.5750487328125 0.93849800625 0.7666246359375 0.9552587265625 0.80203165625 0.5505546296875 0.610455753125 0.533793909375 0.5750487328125 0.93849800625
1 0.176868725 0.7733582328125 0.42831209843750007 0.795356678125 0.46015746562500004 0.4313624609375 0.2087140921875 0.409364015625 0.176868725 0.7733582328125