0 1 0.451855478125 0.9871441875 0.38571805625 0.007876685937499999 0.5760683765625 0.09028064687500001 1 0.5355463421875 1 1 0.9097193546875 1 0.451855478125
1 1 0.451855475 0.9518261765625 0.204022640625 0.8432808625 0.22512171093750002 0.900615296875 0.520081803125 1 0.500763375 1 0.451855475
1 0.7154493859375 0.49975113125000004 0.786239809375 0.4859908671875 0.7642233875 0.372726190625 0.6934329640625 0.38648645625 0.7154493859375 0.49975113125000004
1 0.291231834375 0.5724153171874999 0.4682078890625 0.5380146578125 0.396195840625 0.16754478125 0.21921978593749997 0.2019454421875 0.291231834375 0.5724153171874999
1 0.6434155453125 0.48191819531249996 0.6929688421875 0.472286009375 0.667741690625 0.3425035703125 0.61818839375 0.3521357546875 0.6434155453125 0.48191819531249996
1 0.16550572187499998 0.7192959078125 0.21505901718749998 0.7096637234375 0.189373190625 0.577521603125 0.1398198953125 0.5871537874999999 0.16550572187499998 0.7192959078125
1 0.1784203859375 0.6849506546875 0.223254321875 0.676235821875 0.1645438609375 0.3741966875 0.11970992656249999 0.382911521875 0.1784203859375 0.6849506546875
1 0.6493783265624999 0.51259404375 0.7885994890625 0.485532190625 0.7574095578125 0.325073903125 0.61818839375 0.3521357546875 0.6493783265624999 0.51259404375
1 0.7921751218749999 0 0.8944536062499999 0.5261771921875 1 0.5056610515625 1 0.45185547968749995 0.9121681921875 0 0.7921751218749999 0
1 0.291231834375 0.5724153171874999 0.4564094859375 0.540308034375 0.43943849375 0.45299984687499995 0.2742608421875 0.4851071296875 0.291231834375 0.5724153171874999
1 0.95687160625 0.22997912812500002 0.8813618234374999 0.24465674375000002 0.8932873859375 0.3060084421875 0.9687971687499999 0.2913308265625 0.95687160625 0.22997912812500002