0 0.875 0.51201923125 0.08653846093749999 0.51201923125 0.08653846093749999 0.997596153125 0.875 0.997596153125 0.875 0.51201923125
1 0.3918269234375 0.51201923125 0.0168269234375 0.51201923125 0.0168269234375 0.9375 0.3918269234375 0.9375 0.3918269234375 0.51201923125
1 0 0.997596153125 0.125 0.997596153125 0.125 0.84375 0 0.84375 0 0.997596153125
1 0.528846153125 0 0.528846153125 0.997596153125 0.997596153125 0.997596153125 0.997596153125 0 0.528846153125 0
1 0 0.997596153125 0.125 0.997596153125 0.125 0.6826923078125 0 0.6826923078125 0 0.997596153125
1 0 0 0 0.997596153125 0.4759615390625 0.997596153125 0.4759615390625 0 0 0
1 0.7548076921875 0.658653846875 0.653846153125 0.658653846875 0.653846153125 0.80048076875 0.7548076921875 0.80048076875 0.7548076921875 0.658653846875
1 0.9903846156249999 0.665865384375 0.7668269234375 0.665865384375 0.7668269234375 0.9903846156249999 0.9903846156249999 0.9903846156249999 0.9903846156249999 0.665865384375
1 0 0 0 0.997596153125 0.997596153125 0.997596153125 0.997596153125 0 0 0
1 0.38701923125 0.5240384609375 0.1947115390625 0.5240384609375 0.1947115390625 0.9302884609375001 0.38701923125 0.9302884609375001 0.38701923125 0.5240384609375
1 0.7980769234375 0.43509615312500005 0.5456730765625 0.43509615312500005 0.5456730765625 0.80048076875 0.7980769234375 0.80048076875 0.7980769234375 0.43509615312500005