0 1 0.5057505703125 0.99758823125 0.4781839265625 0.1642330515625 0.5510930578125001 0.20350732031250002 1 0.494249428125 1 1 0.9557525578125 1 0.5057505703125
1 0.5471753484375 0.51517691875 0.18318113125 0.5470222859375 0.2125123921875 0.88228011875 0.5765066078125 0.8504347515624999 0.5471753484375 0.51517691875
1 0.7815609765625 0 0.7389064859375 0.0037317843750000004 0.7470773375 0.0971250375 0.9626002281250001 0.078269228125 0.9557525578125 0 0.7815609765625 0
1 0.2324636625 1 0.1824939875 0.428844009375 0 0.44481016406249996 0 0.5218304640625 0.0418344125 1 0.2324636625 1
1 0.7747954859374999 0.1381345265625 0.6550605468749999 0.1486099765625 0.689420021875 0.541340578125 0.8091549625000001 0.5308651281250001 0.7747954859374999 0.1381345265625
1 0.6487144875 0.1588172984375 0.543347740625 0.1680356953125 0.5754026171875 0.534424609375 0.6807693640625 0.5252062140625 0.6487144875 0.1588172984375
1 0.5730697234375 0.5353405546875 0.1903489625 0.5688242828125001 0.217733884375 0.8818353625 0.6004546453125 0.848351634375 0.5730697234375 0.5353405546875
1 0.7409930265625 0 0.7899072734375 0.559092396875 1 0.5407116640625 1 0.5057505828125 0.9557525578125 0 0.7409930265625 0
1 0.9003673687499999 0.13921355156249998 0.7662642359375 0.15094605625 0.7997856765625 0.5340978625 0.9338888078125 0.522365359375 0.9003673687499999 0.13921355156249998
1 0.5576529703124999 0.4418693921875 0.270289115625 0.467010471875 0.294173140625 0.7400061359375 0.5815369968749999 0.7148650562500001 0.5576529703124999 0.4418693921875
1 0.47816952968750004 0 0.0935534203125 0.03364955 0.10895756875 0.20971977812499998 0.6597382921875 0.161532709375 0.6456060124999999 0 0.47816952968750004 0
1 0.538546153125 0.18776000625 0.3582492796875 0.2035339390625 0.387211803125 0.5345771 0.5675086765625 0.5188031671875 0.538546153125 0.18776000625