0 0.89525088125 1 0.987546534375 0.6002236 0.33640500156250003 0.4498957328125 0.22176648437500002 0.9464497078124999 0.453718284375 1 0.89525088125 1
1 0 0.89525088125 0.39977640000000003 0.987546534375 0.55280800625 0.3246938234375 0.060938503125 0.2111368 0 0.47509045624999996 0 0.89525088125
1 0.7378295625 0.5277694312500001 0.4942370453125 0.47153166874999997 0.4142063828125 0.81818255625 0.6577988984375 0.8744203203125 0.7378295625 0.5277694312500001
1 0 0.8952508796875 0.22176648437500002 0.9464497078124999 0.3418124796875 0.42647337500000004 0.0209261828125 0.3523909375 0 0.44303219374999997 0 0.8952508796875
1 1 0.5019485453125 0.557665696875 0.399827625 0.5230578421875001 0.5497307124999999 0.9751093375 0.6540950234375 1 0.54628171875 1 0.5019485453125
1 0.1022820421875 0 0 0.4430321984375 0 0.8952508796875 0.4537182859375 1 0.638674853125 1 0.8537258062499999 0.06851198281250001 0.5569678046875 0 0.1022820421875 0
1 0.4552911578125 0.768457871875 0.24214770625 0.7192498296875 0.19131741875 0.9394199875 0.404460871875 0.9886280296875001 0.4552911578125 0.768457871875
1 1 0.5192180859375 0.9965630140625 0.5184245953125 0.9651996468749999 0.6542742671874999 0.9745685890625 0.6564372578125 1 0.5462817171875 1 0.5192180859375
1 0.6443284171875 0.419835290625 0.557665696875 0.399827625 0.5349542921875 0.498201525 0.6216170125 0.518209190625 0.6443284171875 0.419835290625
1 1 0.5216851625000001 0.7430608078125001 0.4623660765625 0.71386043125 0.5888468062500001 0.9761908328125 0.6494105515624999 1 0.5462817156249999 1 0.5216851625000001
1 0.909538790625 0.5106688562499999 0.8088226531249999 0.48741670312499996 0.7844890062500001 0.5928173109375 0.8852051421875 0.6160694640625 0.909538790625 0.5106688562499999