0 0.551233996875 1 0.668511071875 0.5296273453125 0.02009229375 0.3679583859375 0 0.448544175 0 0.888165375 0.44854417812499997 1 0.551233996875 1
1 1 0.43637881875 0.5325350609374999 0.31982671875 0.3679583859375 0.97990770625 0.448544175 1 0.883210503125 1 1 0.531582909375 1 0.43637881875
1 0.1894168828125 0.7619717484375 0.431990815625 0.822452221875 0.5180591812500001 0.47725085624999997 0.27548525 0.4167703828125 0.1894168828125 0.7619717484375
1 0.8906428125 1 0.9938710078125 0.5859743234375 0.6743265015625 0.5063029296875 0.551233996875 1 0.8906428125 1
1 0.0067168046874999995 0.4216045453125 0.4568780421875 0.5338423484375 0.4940967953125 0.38456608124999997 0.0439355578125 0.2723282796875 0.0067168046874999995 0.4216045453125
1 0.36948803125 0 0.13937910625 0.922916490625 0.44854417656249995 1 0.8906428125 1 1 0.5613922796875 1 0.10935718593749999 0.5613922796875 0 0.36948803125 0
1 0.5834406734375001 1 0.6302107375 0.8124155203125 0.417958546875 0.7594951046875 0.36329350312500003 0.9787446203125001 0.44854417656249995 1 0.5834406734375001 1
1 0.0061352625000000004 0.42393698593750007 0.015465028124999999 0.4262631578125 0.0491945234375 0.29098154374999996 0.03986475625 0.2886553703125 0.0061352625000000004 0.42393698593750007
1 0.3833716484375 0.46101154062500005 0.46967198750000005 0.48252863125 0.4940967953125 0.38456608124999997 0.40779645625 0.36304899062499996 0.3833716484375 0.46101154062500005
1 0.007879890625 0.41693966250000003 0.26911335468750003 0.4820724796875 0.300516678125 0.35612063125 0.0392832140625 0.2909878140625 0.007879890625 0.41693966250000003
1 0.10408527187500001 0.4285391734375 0.20438026250000002 0.4535455234375 0.230549696875 0.34858565 0.13025470625 0.3235793 0.10408527187500001 0.4285391734375