0 0.997596153125 0.48798076874999996 0.3293269234375 0.48798076874999996 0.3293269234375 0.997596153125 0.997596153125 0.997596153125 0.997596153125 0.48798076874999996
1 0.51201923125 0.3173076921875 0.007211539062499999 0.3173076921875 0.007211539062499999 0.997596153125 0.51201923125 0.997596153125 0.51201923125 0.3173076921875
1 0.73798076875 0.47355769218750005 0.48798076874999996 0.47355769218750005 0.48798076874999996 0.8293269234375 0.73798076875 0.8293269234375 0.73798076875 0.47355769218750005
1 0 0.997596153125 0.3293269234375 0.997596153125 0.3293269234375 0.46394230781249995 0 0.46394230781249995 0 0.997596153125
1 0.997596153125 0.3894230765625 0.533653846875 0.3894230765625 0.533653846875 0.54326923125 0.997596153125 0.54326923125 0.997596153125 0.3894230765625
1 0 0 0 0.997596153125 0.747596153125 0.997596153125 0.747596153125 0 0 0
1 0.5168269234375 0.771634615625 0.2980769234375 0.771634615625 0.2980769234375 0.997596153125 0.5168269234375 0.997596153125 0.5168269234375 0.771634615625
1 0.997596153125 0.40625 0.98798076875 0.40625 0.98798076875 0.5456730765625 0.997596153125 0.5456730765625 0.997596153125 0.40625
1 0.622596153125 0.3894230765625 0.533653846875 0.3894230765625 0.533653846875 0.490384615625 0.622596153125 0.490384615625 0.622596153125 0.3894230765625
1 0.997596153125 0.40865384687499995 0.728365384375 0.40865384687499995 0.728365384375 0.5384615390625 0.997596153125 0.5384615390625 0.997596153125 0.40865384687499995
1 0.9014423078125 0.41826923125000004 0.7980769234375 0.41826923125000004 0.7980769234375 0.5264423078125 0.9014423078125 0.5264423078125 0.9014423078125 0.41826923125000004