0 0.997596153125 0.521634615625 0.1610576921875 0.521634615625 0.1610576921875 0.997596153125 0.997596153125 0.997596153125 0.997596153125 0.521634615625
1 0.5456730765625 0.51923076875 0.1802884609375 0.51923076875 0.1802884609375 0.85576923125 0.5456730765625 0.85576923125 0.5456730765625 0.51923076875
1 0.997596153125 0.0264423078125 0.78125 0.0264423078125 0.78125 0.12019230781250001 0.997596153125 0.12019230781250001 0.997596153125 0.0264423078125
1 0 0.997596153125 0.189903846875 0.997596153125 0.189903846875 0.40144230781249995 0 0.40144230781249995 0 0.997596153125
1 0.8052884609375001 0.1634615390625 0.685096153125 0.1634615390625 0.685096153125 0.5576923078125 0.8052884609375001 0.5576923078125 0.8052884609375001 0.1634615390625
1 0.677884615625 0.1730769234375 0.572115384375 0.1730769234375 0.572115384375 0.540865384375 0.677884615625 0.540865384375 0.677884615625 0.1730769234375
1 0.5697115390625 0.54157451875 0.185528846875 0.54157451875 0.185528846875 0.85578125 0.5697115390625 0.85578125 0.5697115390625 0.54157451875
1 0.997596153125 0.007211539062499999 0.783653846875 0.007211539062499999 0.783653846875 0.584134615625 0.997596153125 0.584134615625 0.997596153125 0.007211539062499999
1 0.9302884609375001 0.17548076875000002 0.7956730765625 0.17548076875000002 0.7956730765625 0.560096153125 0.9302884609375001 0.560096153125 0.9302884609375001 0.17548076875000002
1 0.5625 0.447115384375 0.2740384609375 0.447115384375 0.2740384609375 0.721153846875 0.5625 0.721153846875 0.5625 0.447115384375
1 0.1357451921875 0 0.1357451921875 0.17674278906250002 0.6886298078124999 0.17674278906250002 0.6886298078124999 0 0.1357451921875 0
1 0 0.125853365625 0.043846153124999995 0.125853365625 0.043846153124999995 0.00001201875 0 0.00001201875 0 0.125853365625
1 0.5656129812499999 0.1923076921875 0.384627403125 0.1923076921875 0.384627403125 0.524615384375 0.5656129812499999 0.524615384375 0.5656129812499999 0.1923076921875