0 0.8261114984375 1 0.8849710265624999 0.5206276140625 0.006949431250000001 0.4128201171875 0 0.4694186921875 0 0.9399407328124999 0.489143475 1 0.8261114984375 1
1 0.55240279375 0.3296356546875 0.46173752031250004 0.318503359375 0.43127018437500003 0.566639896875 0.5219354578125001 0.57777219375 0.55240279375 0.3296356546875
1 0.45935159218750005 0.3182104046875 0.38300188749999997 0.3088358390625 0.357221834375 0.518797525 0.43357153750000005 0.5281720890625 0.45935159218750005 0.3182104046875
1 1 0.0576373671875 0.8925786984374999 0.044447690625 0.775251628125 1 0.9399407328124999 1 1 0.510856521875 1 0.0576373671875
1 0.42423620624999997 0.48585357812499996 0.364588 0.4785297 0.3596077625 0.5190904796875 0.41925596875000004 0.526414359375 0.42423620624999997 0.48585357812499996
1 0.3063622828125 0.43989579843750004 0.1727503 0.4234903109375 0.1663052875 0.47598073125000007 0.29991726875 0.4923862203125 0.3063622828125 0.43989579843750004
1 1 0.0576373671875 0.580022096875 0.006070565625 0.458445709375 0.9962307875 0.48914348125 1 0.9399407328124999 1 1 0.510856521875 1 0.0576373671875
1 0.0576373671875 0 0 0.4694186921875 0 0.5257960703125 0.30812306718750004 0.563628825 0.3773279859375 0 0.0576373671875 0
1 0.0576373671875 0 0 0.46941868906249995 0 0.9399407328124999 0.48914347343750003 1 0.9399407328124999 1 1 0.510856521875 1 0.0576373671875 0.5305813078125 0 0.0576373671875 0
1 0 0.5209522734375 0.020011659374999997 0.5234093953125 0.0648337984375 0.15836237343749998 0.0385885875 0.1551398671875 0 0.46941868593749997 0 0.5209522734375
1 0.9451144609375 0.20832168125 0.79480098125 0.18986550625 0.70486375 0.922345478125 0.8551772296875001 0.9408016531250001 0.9451144609375 0.20832168125