0 0.98894441875 1 0.9988628593750001 0.4317728890625 0.0014186453125 0.4143624359375 0 0.495636565625 0 0.98894441875 0.633373828125 1 0.98894441875 1
1 0.6364827625 0.3941927609375 0.5667818421875 0.39297612656249997 0.56355146875 0.5780440890625 0.6332523890624999 0.5792607234375 0.6364827625 0.3941927609375
1 0.4112688390625 0.34939002812500003 0.2478321953125 0.34653723125 0.24401448281250002 0.5652539140624999 0.40745112499999997 0.5681067109375 0.4112688390625 0.34939002812500003
1 0.7740386765625 0.50237915 0.6562681546875 0.5003234578125 0.6549256625 0.5772348203125001 0.772696184375 0.5792905125 0.7740386765625 0.50237915
1 0.5578811203125 0.3519491546875 0.4785662796875 0.350564709375 0.474832471875 0.5644744328125 0.5541473125 0.565858878125 0.5578811203125 0.3519491546875
1 0.71635515625 0.5013722796875 0.6562681546875 0.5003234578125 0.6551773796875 0.5628139390625 0.7152643796875 0.5638627609375 0.71635515625 0.5013722796875
1 0.997604271875 0.503877290625 0.6563101078125 0.497919978125 0.65320559375 0.6757775015624999 0.9944997578124999 0.6817348140624999 0.997604271875 0.503877290625
1 0.7713834796875 0.516758078125 0.711296478125 0.51570925625 0.71024765625 0.5757962562500001 0.7703346578125 0.5768450781250001 0.7713834796875 0.516758078125
1 0.3598186765625 0.2667487421875 0.3093455953125 0.26586773125 0.30779333750000004 0.3547964921875 0.35826641875 0.355677503125 0.3598186765625 0.2667487421875
1 0.46871280625 0.50185809375 0.401415365625 0.5006834125 0.4007021671875 0.541542571875 0.4679996078125 0.542717253125 0.46871280625 0.50185809375
1 0.9970169328124999 0.537526009375 0.9441403718749999 0.536603046875 0.941791009375 0.6711979296874999 0.9946675703125001 0.6721208937500001 0.9970169328124999 0.537526009375
1 0.641655134375 0.23560503124999999 0.06962688593750001 0.225620240625 0.06358566875 0.5717213671875 0.6356139171875 0.58170615625 0.641655134375 0.23560503124999999
1 0.11044409375 0.22873692031249998 0.06477797187499999 0.22793981562500001 0.061337834375 0.425025178125 0.10700395625 0.42582228281249995 0.11044409375 0.22873692031249998
1 0.47802089218750005 0.38180995 0.4035130109375 0.380509409375 0.4007021671875 0.541542571875 0.47521004843750003 0.5428431125000001 0.47802089218750005 0.38180995
1 0.41741829218750004 0.272562571875 0.36694520937499997 0.2716815609375 0.3650153765625 0.3822416421875 0.41548845781250004 0.383122653125 0.41741829218750004 0.272562571875
1 0.543262640625 0.5007551515625 0.40145731875 0.49827993125000003 0.40032459062500003 0.5631738921875 0.5421299125 0.5656491140625 0.543262640625 0.5007551515625
1 0.5430528765625 0.512772553125 0.47575543593749997 0.511597871875 0.474832471875 0.5644744328125 0.5421299125 0.5656491140625 0.5430528765625 0.512772553125
1 0.4175021984375 0.2677556109375 0.3093455953125 0.26586773125 0.307289903125 0.383638253125 0.41544650625 0.385526134375 0.4175021984375 0.2677556109375
1 1 0.2370515390625 0.0625003515625 0.22068742187499998 0.054025865625 0.7061903890625 0.993786559375 0.7225939734375 1 0.366626203125 1 0.2370515390625
1 0.39913774375 0.49343101875000006 0.2477185015625 0.4907879859375 0.24641796093749999 0.5652958671875 0.39783720312500004 0.5679388999999999 0.39913774375 0.49343101875000006