0 0 0.997596153125 0.997596153125 0.997596153125 0.997596153125 0.4230769234375 0 0.4230769234375 0 0.997596153125
1 0.634615384375 0.3918269234375 0.564903846875 0.3918269234375 0.564903846875 0.5769230765625 0.634615384375 0.5769230765625 0.634615384375 0.3918269234375
1 0.40865384687499995 0.3509615390625 0.2451923078125 0.3509615390625 0.2451923078125 0.5697115390625 0.40865384687499995 0.5697115390625 0.40865384687499995 0.3509615390625
1 0.7740384609375 0.49759615312500005 0.65625 0.49759615312500005 0.65625 0.57451923125 0.7740384609375 0.57451923125 0.7740384609375 0.49759615312500005
1 0.5552884609375 0.3509615390625 0.4759615390625 0.3509615390625 0.4759615390625 0.564903846875 0.5552884609375 0.564903846875 0.5552884609375 0.3509615390625
1 0.716346153125 0.49759615312500005 0.65625 0.49759615312500005 0.65625 0.560096153125 0.716346153125 0.560096153125 0.716346153125 0.49759615312500005
1 0.997596153125 0.49519230781249995 0.65625 0.49519230781249995 0.65625 0.6730769234375 0.997596153125 0.6730769234375 0.997596153125 0.49519230781249995
1 0.771634615625 0.51201923125 0.7115384609375 0.51201923125 0.7115384609375 0.572115384375 0.771634615625 0.572115384375 0.771634615625 0.51201923125
1 0.35576923125 0.26923076875 0.3052884609375 0.26923076875 0.3052884609375 0.3581730765625 0.35576923125 0.3581730765625 0.35576923125 0.26923076875
1 0.46875 0.502403846875 0.40144230781249995 0.502403846875 0.40144230781249995 0.54326923125 0.46875 0.54326923125 0.46875 0.502403846875
1 0.997596153125 0.528846153125 0.9447115390624999 0.528846153125 0.9447115390624999 0.6634615390625 0.997596153125 0.6634615390625 0.997596153125 0.528846153125
1 0.63701923125 0.23317307656250003 0.064903846875 0.23317307656250003 0.064903846875 0.5793269234375 0.63701923125 0.5793269234375 0.63701923125 0.23317307656250003
1 0.10576923125 0.23557692343749997 0.060096153124999996 0.23557692343749997 0.060096153124999996 0.43269230781249995 0.10576923125 0.43269230781249995 0.10576923125 0.23557692343749997
1 0.4759615390625 0.3822115390625 0.40144230781249995 0.3822115390625 0.40144230781249995 0.54326923125 0.4759615390625 0.54326923125 0.4759615390625 0.3822115390625
1 0.4134615390625 0.2740384609375 0.36298076875 0.2740384609375 0.36298076875 0.384615384375 0.4134615390625 0.384615384375 0.4134615390625 0.2740384609375
1 0.54326923125 0.5 0.40144230781249995 0.5 0.40144230781249995 0.564903846875 0.54326923125 0.564903846875 0.54326923125 0.5
1 0.54326923125 0.51201923125 0.4759615390625 0.51201923125 0.4759615390625 0.564903846875 0.54326923125 0.564903846875 0.54326923125 0.51201923125
1 0.4134615390625 0.26923076875 0.3052884609375 0.26923076875 0.3052884609375 0.38701923125 0.4134615390625 0.38701923125 0.4134615390625 0.26923076875
1 0.997596153125 0.22836538437499998 0.057692307812499996 0.22836538437499998 0.057692307812499996 0.7139423078125 0.997596153125 0.7139423078125 0.997596153125 0.22836538437499998
1 0.3990384609375 0.49519230781249995 0.247596153125 0.49519230781249995 0.247596153125 0.5697115390625 0.3990384609375 0.5697115390625 0.3990384609375 0.49519230781249995