0 1 0.515314590625 0.0028991625 0.5327190500000001 0.01105558125 1 0.366626171875 1 1 0.98894441875 1 0.515314590625
1 1 0.49563657968749997 0.9969451921875001 0.3206267140625 0.69410670625 0.3259127796875 0.6980083265625 0.5494364234375 1 0.5441651390625 1 0.49563657968749997
1 0.607161896875 0.30338828281249997 0.14809720937499998 0.31140128749999996 0.15346718125 0.61904673125 0.61253186875 0.611033728125 0.607161896875 0.30338828281249997
1 0.388600859375 0.4538602328125 0.0521136546875 0.45973363906250003 0.057525579687499995 0.7697825640625 0.394012784375 0.7639091578125 0.388600859375 0.4538602328125
1 0.0645086328125 0.48115519375 0.0020181515625 0.48224597031250005 0.0107443546875 0.9821698171875 0.07323483593749999 0.9810790421875 0.0645086328125 0.48115519375
1 0.81225480625 0.3454884078125 0.754571284375 0.34649527812500003 0.758011421875 0.543580640625 0.81569494375 0.542573771875 0.81225480625 0.3454884078125
1 1 0.49563657968749997 0.9969451921875001 0.3206267140625 0.9440686312500001 0.321549678125 0.94797025 0.545073321875 1 0.5441651390625 1 0.49563657968749997
1 0.75237756875 0.3585546296875 0.694694046875 0.3595615 0.69763075 0.5278051031250001 0.755314271875 0.5267982328125 0.75237756875 0.3585546296875
1 0.8748291921875 0.3492045921875 0.8147421906250001 0.350253415625 0.8180564703125001 0.5401283375 0.8781434718750001 0.539079515625 0.8748291921875 0.3492045921875
1 0.9443203484374999 0.33597055781249996 0.8770229078125 0.3371452390625 0.8805469499999999 0.5390375625 0.9478443921874999 0.5378628812499999 0.9443203484374999 0.33597055781249996
1 0 0.3666261625 0.0107863078125 0.9845732984375 0.61886675625 0.9739592140625 0.60711994375 0.300984803125 0 0.311582121875 0 0.3666261625