0 1 0.44917524843749995 0.007111628125 0.3971401734375 0 0.53283811875 0 0.9720751375000001 0.5328381140625 1 0.9744822828125 1 1 0.5130929484375 1 0.44917524843749995
1 0.3615432578125 0.56977243125 0.43115925937500005 0.5734208515625 0.44084644375000004 0.38857836562500003 0.3712304421875 0.3849299453125 0.3615432578125 0.56977243125
1 0.5875725468749999 0.574396690625 0.7508100671875 0.58295160625 0.7622585578125001 0.3645013953125 0.5990210375 0.3559464796875 0.5875725468749999 0.574396690625
1 0.22243706406250002 0.560075040625 0.3400641 0.5662396125 0.3440899421875 0.4894219546875 0.22646290625 0.48325738281249997 0.22243706406250002 0.560075040625
1 0.44139050468749996 0.5619213234375 0.5206087125 0.566072975 0.5318055875 0.3524238671875 0.45258737968749996 0.3482722171875 0.44139050468749996 0.5619213234375
1 0.28080515156249997 0.5486911109375 0.3408189453125 0.5518363 0.3440899421875 0.4894219546875 0.28407615 0.4862767640625 0.28080515156249997 0.5486911109375
1 0 0.64711055625 0.3349059890625 0.6646622343749999 0.34421575 0.487021403125 0.0033374 0.4691567265625 0 0.5328381156249999 0 0.64711055625
1 0.22496342187499999 0.5578002953125 0.2849772171875 0.560945484375 0.2881224078125 0.5009316921875 0.22810861249999997 0.49778650156250004 0.22496342187499999 0.5578002953125
1 0.651455753125 0.36591589999999996 0.701867340625 0.36855785937499996 0.706522221875 0.2797374453125 0.656110634375 0.2770954859375 0.651455753125 0.36591589999999996
1 0.5289426359375 0.54484543125 0.5961580859375 0.54836804375 0.5982968140625 0.5075586640624999 0.531081365625 0.5040360515625 0.5289426359375 0.54484543125
1 0 0.637481975 0.04734300625 0.6399631171875 0.054388231249999995 0.5055322171875 0.0015760937499999998 0.50276445 0 0.532838109375 0 0.637481975
1 0.3590168984375 0.5720471765624999 0.9303482187500001 0.60198938125 0.9484645109375001 0.2563099265625 0.377133190625 0.22636772187499998 0.3590168984375 0.5720471765624999
1 0.8972131015624999 0.45341699531249996 0.9428235859375 0.45580733906250004 0.9531398078125 0.2589620953125 0.9075293234374999 0.25657175 0.8972131015624999 0.45341699531249996
1 0.52174098125 0.5444680078124999 0.5961580859375 0.54836804375 0.60458719375 0.387531075 0.5301700890625 0.383631040625 0.52174098125 0.5444680078124999
1 0.5924586265625 0.3893025875 0.642870215625 0.391944546875 0.6486573640625 0.281519165625 0.5982457765625 0.27887720625 0.5924586265625 0.3893025875
1 0.4533932625 0.5625503625 0.5950258171875 0.5699730093750001 0.598422621875 0.5051581109375001 0.4567900671875 0.4977354640625 0.4533932625 0.5625503625
1 0.4533932625 0.5625503625 0.5206087125 0.566072975 0.5233764796875 0.513260834375 0.4561610296875 0.5097382234375 0.4533932625 0.5625503625
1 0.5923328203125 0.391703140625 0.70035765 0.3973644828125 0.706522221875 0.2797374453125 0.598497390625 0.27407610312499997 0.5923328203125 0.391703140625
1 0 0.688032021875 0.9305046499999999 0.7367977031249999 0.9559177828125 0.251886246875 0.0173020421875 0.2026954796875 0 0.532838109375 0 0.688032021875
1 0.5971747546875 0.5748999203125 0.748409515625 0.5828257984375 0.7523095515625 0.5084086937500001 0.601074790625 0.5004828156250001 0.5971747546875 0.5748999203125