0 0.8977179578125 1 0.97853306875 0.6499513 0.006505240625 0.42554099375 0 0.4537182859375 0 0.89525088125 0.45371828281250004 1 0.8977179578125 1
1 0.4989064515625 0.6329697015625 0.65817848125 0.6697405468750001 0.736046153125 0.332458603125 0.5767741234375 0.2956877578125 0.4989064515625 0.6329697015625
1 0.1355044359375 0.49726311562500003 0.20577150781250003 0.5134855468749999 0.2198309484375 0.45258741875 0.1495638765625 0.4363649875 0.1355044359375 0.49726311562500003
1 0.001456253125 0.46878273125 0.364502790625 0.5525986281249999 0.38937718593750004 0.44485578593749997 0.0263306484375 0.3610398875 0.001456253125 0.46878273125
1 0.27496009843749997 0.5023211437499999 0.3709917625 0.5244918000000001 0.3888364375 0.4471980203125 0.2928047734375 0.4250273640625 0.27496009843749997 0.5023211437499999
1 1 0.2256991578125 0.8350858078125001 0.940021 0.9076951171875001 0.9567841796875 1 0.5569678046875 1 0.2256991578125
1 0.6765578765625 0.6542471484375 0.9014125078124999 0.7061589296874999 0.9533242890625001 0.4813043 0.728469659375 0.42939251718750004 0.6765578765625 0.6542471484375
1 0 0.468446528125 0.2708133625 0.53096871875 0.31299168437499997 0.34827433281250003 0.0412923390625 0.2855475953125 0 0.4644043625 0 0.468446528125
1 0.0037984875000000003 0.469323478125 0.20991523281250002 0.516909278125 0.224515421875 0.4536689140625 0.0183986765625 0.4060831140625 0.0037984875000000003 0.469323478125
1 0.7327715343750001 0.66722509375 0.8288032 0.68939575 0.8596258203125 0.5558883140625 0.7635941546875 0.53371765625 0.7327715343750001 0.66722509375
1 0.21550195468750002 0.5033966125 0.26937337499999997 0.515833809375 0.2893810421875 0.4291710875 0.2355096203125 0.41673388906250003 0.21550195468750002 0.5033966125
1 0.275500846875 0.49997890624999997 0.31297661875 0.5086308703125 0.32865830156250003 0.4407060359375 0.2911825296875 0.432054071875 0.275500846875 0.49997890624999997