0 0.89525088125 1 0.9761908328125 0.6494105515624999 0.004163003125 0.4250002453125 0 0.44303219374999997 0 0.8952508796875 0.4537182859375 1 0.89525088125 1
1 0.2834207640625 0.5832209109375001 0.44269279531250005 0.6199917562499999 0.5205604671875 0.2827098125 0.3612884375 0.2459389671875 0.2834207640625 0.5832209109375001
1 0.7585391421875001 0.6411020109375001 0.8288062140625 0.65732444375 0.8428656546875001 0.5964263140625 0.7725985828125 0.5802038828125 0.7585391421875001 0.6411020109375001
1 0.5987263640625 0.6066734015625 0.9617729015625001 0.6904892984375001 0.986647296875 0.58274645625 0.623600759375 0.4989305578125 0.5987263640625 0.6066734015625
1 0.6052153359375 0.5785665734375 0.7012470015625001 0.6007372296875 0.7190916765625001 0.52344345 0.6230600125 0.50127279375 0.6052153359375 0.5785665734375
1 0.1022820421875 0 0 0.44303219531250004 0 0.74722625 0.005934359375 0.7485963046874999 0.178761434375 0 0.1022820421875 0
1 0.048838701562499996 0.5093267578125 0.27369333125 0.5612385390625 0.3256051140625 0.33638390937499996 0.10075048281250001 0.2844721265625 0.048838701562499996 0.5093267578125
1 1 0.5068827 0.734594115625 0.445608921875 0.6924157921874999 0.628303309375 0.9641151390625 0.691030046875 1 0.535595634375 1 0.5068827
1 0.753313921875 0.64236275 0.9594306671874999 0.68994855 0.97403085625 0.6267081875 0.767914109375 0.5791223859375 0.753313921875 0.64236275
1 0.121448009375 0.5260899375 0.217479675 0.54826059375 0.24830229531249998 0.41475315625000003 0.1522706296875 0.3925825 0.121448009375 0.5260899375
1 0.7003447515625 0.6153313921875 0.7542161734375 0.6277685890625 0.7742238390625 0.5411058671875 0.7203524171875 0.52866866875 0.7003447515625 0.6153313921875
1 0.6643119765625001 0.5897430296875 0.70178775 0.59839499375 0.7174694328125 0.5304701578125 0.6799936609375 0.5218181937499999 0.6643119765625001 0.5897430296875