0 0 0.997596153125 0.997596153125 0.997596153125 0.997596153125 0.5384615390625 0 0.5384615390625 0 0.997596153125
1 0.47115384687499995 0.283653846875 0.3076923078125 0.283653846875 0.3076923078125 0.6298076921875 0.47115384687499995 0.6298076921875 0.47115384687499995 0.283653846875
1 0.85576923125 0.5168269234375 0.783653846875 0.5168269234375 0.783653846875 0.5793269234375 0.85576923125 0.5793269234375 0.85576923125 0.5168269234375
1 0.9927884609375001 0.47115384687499995 0.6201923078125 0.47115384687499995 0.6201923078125 0.58173076875 0.9927884609375001 0.58173076875 0.9927884609375001 0.47115384687499995
1 0.71875 0.47355769218750005 0.6201923078125 0.47355769218750005 0.6201923078125 0.552884615625 0.71875 0.552884615625 0.71875 0.47355769218750005
1 0 0 0 0.8533653843750001 0.07451923125 0.8533653843750001 0.07451923125 0 0 0
1 0.29326923125 0.3798076921875 0.0625 0.3798076921875 0.0625 0.6105769234375 0.29326923125 0.6105769234375 0.29326923125 0.3798076921875
1 0.9951923078125 0.39423076875 0.716346153125 0.39423076875 0.716346153125 0.58173076875 0.9951923078125 0.58173076875 0.9951923078125 0.39423076875
1 0.9903846156249999 0.5168269234375 0.778846153125 0.5168269234375 0.778846153125 0.58173076875 0.9903846156249999 0.58173076875 0.9903846156249999 0.5168269234375
1 0.23557692343749997 0.47355769218750005 0.13701923124999998 0.47355769218750005 0.13701923124999998 0.6105769234375 0.23557692343749997 0.6105769234375 0.23557692343749997 0.47355769218750005
1 0.7764423078125 0.478365384375 0.721153846875 0.478365384375 0.721153846875 0.5673076921875 0.7764423078125 0.5673076921875 0.7764423078125 0.478365384375
1 0.71875 0.48076923125000004 0.6802884609375 0.48076923125000004 0.6802884609375 0.55048076875 0.71875 0.55048076875 0.71875 0.48076923125000004