0 0.88366349375 1 0.9705196890625001 0.6758482640625 0.0069158015625 0.41765138124999995 0 0.4434615046875 0 0.8811748484375 0.44346150156249997 1 0.88366349375 1
1 0.3533965171875 0.341262771875 0.158353803125 0.2890012328125 0.089916075 0.5444143125 0.2849587890625 0.59667585 0.3533965171875 0.341262771875
1 0.5242196156250001 0.44676215468749997 0.40115695156250003 0.4137876125 0.36009431406250003 0.5670354609375 0.4831569796875 0.600010003125 0.5242196156250001 0.44676215468749997
1 0.8976407015625 0.502024428125 0.7049199234375 0.4503850515625 0.6377265171875 0.7011542578125 0.8304472953125 0.752793634375 0.8976407015625 0.502024428125
1 1 0.11633650625 0.9962755812499999 0.11533855156249999 0.7592312609375 1 0.88366349375 1 1 0.56582625 1 0.11633650625
1 0 0.619867159375 0.0603857546875 0.6360474734375 0.1300678046875 0.3759905203125 0.025580635937500002 0.34799326875 0 0.443461503125 0 0.619867159375
1 0.1188251515625 0 0 0.44346150156249997 0 0.8712202703124999 0.4806124953125 1 0.88366349375 1 1 0.56582625 1 0.11633650625 0.56582625 0 0.1188251515625 0
1 0.82064745625 0.9193956125 0.8995933171875 0.940549090625 0.961187271875 0.7106773203125 0.8822414125 0.6895238406249999 0.82064745625 0.9193956125
1 0.1188251515625 0 0 0.44346150156249997 0 0.632310384375 0.42646294375 0.7465807843750001 0.6224437109375 0.015170603125000001 0.56582625 0 0.1188251515625 0
1 1 0.11633650625 0.6921018250000001 0.0338354390625 0.521007503125 0.6723681359375 0.834469009375 0.75635989375 1 0.138589825 1 0.11633650625
1 0.593711021875 0.47533689843750004 0.54262840625 0.461649353125 0.51276466875 0.5731023328125 0.5638472859375 0.5867898796875 0.593711021875 0.47533689843750004
1 1 0.11633650625 0.6874579484375001 0.032591115625 0.4298832265625 0.9938730687499999 0.45274924531250005 1 0.88366349375 1 1 0.5658262484375001 1 0.11633650625