0 0 0.997596153125 0.997596153125 0.997596153125 0.997596153125 0.5480769234375 0 0.5480769234375 0 0.997596153125
1 0.8846153843750001 0.384615384375 0.6826923078125 0.384615384375 0.6826923078125 0.6490384609375 0.8846153843750001 0.6490384609375 0.8846153843750001 0.384615384375
1 0.6177884609375 0.44230769218750005 0.490384615625 0.44230769218750005 0.490384615625 0.6009615390625 0.6177884609375 0.6009615390625 0.6177884609375 0.44230769218750005
1 0.314903846875 0.3990384609375 0.11538461562499999 0.3990384609375 0.11538461562499999 0.658653846875 0.314903846875 0.658653846875 0.314903846875 0.3990384609375
1 0 0 0 0.9519230765625 0.12019230781250001 0.9519230765625 0.12019230781250001 0 0 0
1 0.997596153125 0.4759615390625 0.8894230765625 0.4759615390625 0.8894230765625 0.7451923078125 0.997596153125 0.7451923078125 0.997596153125 0.4759615390625
1 0 0 0 0.98798076875 0.997596153125 0.98798076875 0.997596153125 0 0 0
1 0 0.8221153843750001 0.08173076875 0.8221153843750001 0.08173076875 0.584134615625 0 0.584134615625 0 0.8221153843750001
1 0.5072115390625 0 0.5072115390625 0.7572115390625 0.997596153125 0.7572115390625 0.997596153125 0 0.5072115390625 0
1 0.1105769234375 0 0.1105769234375 0.6610576921875 0.43509615312500005 0.6610576921875 0.43509615312500005 0 0.1105769234375 0
1 0.46875 0.4519230765625 0.415865384375 0.4519230765625 0.415865384375 0.5673076921875 0.46875 0.5673076921875 0.46875 0.4519230765625
1 0 0 0 0.9951923078125 0.43990384687499995 0.9951923078125 0.43990384687499995 0 0 0