0 1 0.46445365625 0.9976274203125 0.4522477921875 0.018359917187499998 0.6425981125 0.08783180625 1 0.5355463375 1 1 0.909719353125 1 0.46445365625
1 0.85553249375 0.31334724999999997 0.6573193125000001 0.3518759890625 0.7077736140625001 0.61144086875 0.9059867953125 0.5729121296875 0.85553249375 0.31334724999999997
1 0.6046161437500001 0.4208925640625 0.47955306562500005 0.44520236406249997 0.509825646875 0.6009412937499999 0.6348887249999999 0.57663149375 0.6046161437500001 0.4208925640625
1 0.29904021406250003 0.43621142031250004 0.10318671406249999 0.47428148437499995 0.1527236640625 0.7291270046875 0.34857716562499996 0.691056940625 0.29904021406250003 0.43621142031250004
1 0.2102737171875 1 0.031765946875 0.0816571328125 0 0.0878318078125 0 0.5481445218750001 0.0878318078125 1 0.2102737171875 1
1 1 0.464453659375 0.98386715625 0.381457371875 0.8776815234375 0.4020977671875 0.929053175 0.6663820078125 1 0.6525913421875 1 0.464453659375
1 0.45185547656249997 0 0 0.0878318078125 0 0.548144525 0.08783180625 1 0.485153621875 1 1 0.8999240015625001 1 0.4644536578125 0.9097193546875 0 0.45185547656249997 0
1 0.070648921875 0.911601715625 0.150878065625 0.89600675 0.10546919375 0.6623983578125 0.025240050000000003 0.6779933234375 0.070648921875 0.911601715625
1 0.4518554734375 0 0.4116745453125 0.00781038125 0.55615731875 0.7511098125 1 0.664835534375 1 0.464453659375 0.9097193546875 0 0.4518554734375 0
1 0.022327225 0.08349183437499999 0.148462978125 0.732404034375 0.4670198765625 0.6704828468749999 0.340884121875 0.021570646875 0.022327225 0.08349183437499999
1 0.46015064062500005 0.458769165625 0.4082376640625 0.46886002656250003 0.4302540875 0.5821247015625 0.48216706406250004 0.5720338421875 0.46015064062500005 0.458769165625
1 0.522948165625 1 0.5354951296875 0.9975611171875001 0.345603484375 0.0206532953125 0 0.0878318078125 0 0.5481445234375 0.08783180625 1 0.522948165625 1