0 0 0.997596153125 0.997596153125 0.997596153125 0.997596153125 0.47355769218750005 0 0.47355769218750005 0 0.997596153125
1 0.997596153125 0.365384615625 0.814903846875 0.365384615625 0.814903846875 0.552884615625 0.997596153125 0.552884615625 0.997596153125 0.365384615625
1 0.7451923078125 0.11538461562499999 0.4206730765625 0.11538461562499999 0.4206730765625 0.40625 0.7451923078125 0.40625 0.7451923078125 0.11538461562499999
1 0.997596153125 0.1923076921875 0.7740384609375 0.1923076921875 0.7740384609375 0.552884615625 0.997596153125 0.552884615625 0.997596153125 0.1923076921875
1 0.997596153125 0.375 0.908653846875 0.375 0.908653846875 0.552884615625 0.997596153125 0.552884615625 0.997596153125 0.375
1 0.5 0.43269230781249995 0.33173076875 0.43269230781249995 0.33173076875 0.5480769234375 0.5 0.5480769234375 0.5 0.43269230781249995
1 0.9134615390624999 0.3269230765625 0.814903846875 0.3269230765625 0.814903846875 0.5480769234375 0.9134615390624999 0.5480769234375 0.9134615390624999 0.3269230765625
1 0 0 0 0.634615384375 0.997596153125 0.634615384375 0.997596153125 0 0 0
1 0 0 0 0.646634615625 0.346153846875 0.646634615625 0.346153846875 0 0 0
1 0.4134615390625 0.221153846875 0.216346153125 0.221153846875 0.216346153125 0.47115384687499995 0.4134615390625 0.47115384687499995 0.4134615390625 0.221153846875
1 0.346153846875 0.11778846093749999 0.1802884609375 0.11778846093749999 0.1802884609375 0.627403846875 0.346153846875 0.627403846875 0.346153846875 0.11778846093749999