0 0.9270403437500001 1 0.9979806578125 0.5521004734375 0.012666568750000001 0.396042053125 0 0.47601562187499996 0 0.92460653125 0.4760156234375 1 0.9270403437500001 1
1 0.0002571046875 0.4743923296875 0.180700165625 0.502971703125 0.210031628125 0.3177801390625 0.029588567187499998 0.289200765625 0.0002571046875 0.4743923296875
1 0.272492146875 0.369047690625 0.5930160078125 0.41981368281250003 0.6385173796875 0.132529334375 0.31799351875 0.0817633421875 0.272492146875 0.369047690625
1 0.0002571046875 0.4743923296875 0.22106243124999997 0.5093644578125 0.2774690890625 0.153226834375 0.056663762500000006 0.1182547078125 0.0002571046875 0.4743923296875
1 0.0002571046875 0.4743923296875 0.0881043828125 0.488305971875 0.11593166875000001 0.3126114109375 0.0280843890625 0.29869776875 0.0002571046875 0.4743923296875
1 0.4924791125 0.5474850171875 0.6586766703125 0.5738081234375 0.6767268 0.45984408437499996 0.5105292421875001 0.4335209765625 0.4924791125 0.5474850171875
1 0.0841079703125 0.4828053828125 0.18145225468749998 0.4982232015625 0.21604833750000002 0.27979212656249997 0.1187040546875 0.26437430625 0.0841079703125 0.4828053828125
1 0.07539346875 0 0 0.47601562499999994 0 0.5571011625 0.972785684375 0.711175278125 1 0.539350853125 1 0.0729596578125 0.5393508515625001 0 0.07539346875 0
1 1 0.0729596578125 0.730169284375 0.030222670312499998 0.62901334375 0.668896140625 0.9709054625 0.7230465328125 1 0.539350853125 1 0.0729596578125
1 0.5899855609375 0.48504658906250003 0.7846741296874999 0.515882228125 0.823782746875 0.26896014375 0.629094178125 0.23812450312500003 0.5899855609375 0.48504658906250003
1 0.6320216984375 0.649902134375 0.79584500625 0.6758491984375 0.8755664171875001 0.1725080234375 0.711743109375 0.146560959375 0.6320216984375 0.649902134375