0 0 0.997596153125 0.997596153125 0.997596153125 0.997596153125 0.6177884609375 0 0.6177884609375 0 0.997596153125
1 0.4375 0.3485576921875 0.341346153125 0.3485576921875 0.341346153125 0.66826923125 0.4375 0.66826923125 0.4375 0.3485576921875
1 0.6009615390625 0.3918269234375 0.521634615625 0.3918269234375 0.521634615625 0.6730769234375 0.6009615390625 0.6730769234375 0.6009615390625 0.3918269234375
1 0.54326923125 0.560096153125 0.38701923125 0.560096153125 0.38701923125 0.7115384609375 0.54326923125 0.7115384609375 0.54326923125 0.560096153125
1 0.38701923125 0.5865384609375 0.1923076921875 0.5865384609375 0.1923076921875 0.740384615625 0.38701923125 0.740384615625 0.38701923125 0.5865384609375
1 0 0.7115384609375 0.1081730765625 0.7115384609375 0.1081730765625 0.1706730765625 0 0.1706730765625 0 0.7115384609375
1 0 0 0 0.7259615390625 0.5625 0.7259615390625 0.5625 0 0 0
1 0.790865384375 0 0.790865384375 0.7644230765625 0.997596153125 0.7644230765625 0.997596153125 0 0.790865384375 0
1 0.346153846875 0.3990384609375 0.15625 0.3990384609375 0.15625 0.65625 0.346153846875 0.65625 0.346153846875 0.3990384609375
1 0.6009615390625 0.35576923125 0.08653846093749999 0.35576923125 0.08653846093749999 0.7331730765625 0.6009615390625 0.7331730765625 0.6009615390625 0.35576923125
1 0.5240384609375 0.3894230765625 0.4447115390625 0.3894230765625 0.4447115390625 0.603365384375 0.5240384609375 0.603365384375 0.5240384609375 0.3894230765625
1 0.6009615390625 0.3509615390625 0.341346153125 0.3509615390625 0.341346153125 0.6826923078125 0.6009615390625 0.6826923078125 0.6009615390625 0.3509615390625