0 1 0.51414164375 0.0377671140625 0.7186705578125 0.097565534375 1 0.5409902515625 1 1 0.902434465625 1 0.51414164375
1 0.596119365625 0.6515976640625001 0.6901720203124999 0.6316061546875 0.623700253125 0.3188810796875 0.5296475984375 0.3388725890625 0.596119365625 0.6515976640625001
1 0.43722942812500004 0.6902858609375 0.5148228687499999 0.6737928671875 0.45634770468749997 0.3986888546875 0.378754265625 0.4151818484375 0.43722942812500004 0.6902858609375
1 0.501657625 0.7159120171875 0.6544931875 0.6834258156249999 0.6230065609375 0.5352928859375 0.47017099843750004 0.5677790875000001 0.501657625 0.7159120171875
1 0.6604906390624999 0.7116416125 0.8509472640625001 0.6711588078124999 0.8189608500000001 0.520674559375 0.628504225 0.561157365625 0.6604906390624999 0.7116416125
1 1 0.447447884375 0.9206028828124999 0.0739138140625 0.814793646875 0.0964042625 0.927245884375 0.625450440625 1 0.609986075 1 0.447447884375
1 0.44744788125 0 0.3349099296875 0.023920679687499998 0.4858458203125 0.7340182171875 1 0.6247313734375 1 0.4474478859375 0.904892015625 0 0.44744788125 0
1 0 0.5409902515625 0.068254165625 0.8621008546875 0.2704673703125 0.8191191124999999 0.11153487656250001 0.0714005140625 0 0.095107984375 0 0.5409902515625
1 0.682970446875 0.6208491484375 0.8687244390625001 0.58136591875 0.8152471531250001 0.32977506875 0.6294931609375001 0.3692582984375 0.682970446875 0.6208491484375
1 0.449724121875 0.7490687703125001 0.9529058203125 0.6421141984375 0.87443915 0.27295753125 0.37125745 0.379912103125 0.449724121875 0.7490687703125001
1 0.497977709375 0.6061044796874999 0.575571146875 0.5896114859375 0.531090040625 0.3803443296875 0.4534966015625 0.396837325 0.497977709375 0.6061044796874999
1 0.4392285796875 0.6996911265625 0.693170746875 0.6457140531250001 0.624200040625 0.321232396875 0.37025787499999996 0.375209471875 0.4392285796875 0.6996911265625