0 0 0.997596153125 0.997596153125 0.997596153125 0.997596153125 0.64423076875 0 0.64423076875 0 0.997596153125
1 0.997596153125 0.5456730765625 0.9447115390624999 0.5456730765625 0.9447115390624999 0.7740384609375 0.997596153125 0.7740384609375 0.997596153125 0.5456730765625
1 0 0.9735576921875 0.20673076875000002 0.9735576921875 0.20673076875000002 0.033653846875 0 0.033653846875 0 0.9735576921875
1 0.6706730765625 0.43509615312500005 0.490384615625 0.43509615312500005 0.490384615625 0.7764423078125 0.6706730765625 0.7764423078125 0.6706730765625 0.43509615312500005
1 0.5144230765625 0.5865384609375 0.38701923125 0.5865384609375 0.38701923125 0.7764423078125 0.5144230765625 0.7764423078125 0.5144230765625 0.5865384609375
1 0.9206730765625 0.478365384375 0.653846153125 0.478365384375 0.653846153125 0.6634615390625 0.9206730765625 0.6634615390625 0.9206730765625 0.478365384375
1 0.3990384609375 0.3076923078125 0.17548076875000002 0.3076923078125 0.17548076875000002 0.8677884609375001 0.3990384609375 0.8677884609375001 0.3990384609375 0.3076923078125
1 0 0.9831730765625 0.5144230765625 0.9831730765625 0.5144230765625 0.002403846875 0 0.002403846875 0 0.9831730765625
1 0.91826923125 0.1802884609375 0.3677884609375 0.1802884609375 0.3677884609375 0.4230769234375 0.91826923125 0.4230769234375 0.91826923125 0.1802884609375
1 0.997596153125 0.41826923125000004 0.9447115390624999 0.41826923125000004 0.9447115390624999 0.9326923078125 0.997596153125 0.9326923078125 0.997596153125 0.41826923125000004
1 0 0.971153846875 0.1730769234375 0.971153846875 0.1730769234375 0.80048076875 0 0.80048076875 0 0.971153846875