0 1 0.6268583 0.0077405500000000006 0.6615087625 0.019560925 1 0.4398484015625 1 1 0.9804390749999999 1 0.6268583
1 0.0122707734375 0.7912373796875001 0.065123171875 0.7893917328125 0.057153334374999996 0.5611654625 0.0043009359375 0.563011109375 0.0122707734375 0.7912373796875001
1 1 0.491272465625 0.9834201671875 0.016488184375 0.7768153328125 0.023702984375 0.8096175046875 0.963034265625 1 0.9563859625 1 0.491272465625
1 0.339078590625 0.7822303109375001 0.5192572249999999 0.7759383343749999 0.507344415625 0.43480011875 0.32716578125 0.44109209531250004 0.339078590625 0.7822303109375001
1 0.49523340625 0.7767772640625 0.622559640625 0.772330934375 0.6159320921875 0.582542771875 0.4886058578125 0.5869891015625 0.49523340625 0.7767772640625
1 0.0852879109375 0.678043240625 0.351952290625 0.668731115625 0.345492528125 0.48374771718750004 0.0788281484375 0.4930598421875 0.0852879109375 0.678043240625
1 0.61373566875 0.8640409078125 0.837157175 0.8562388562500001 0.8176101015624999 0.2964838984375 0.59418859375 0.30428595 0.61373566875 0.8640409078125
1 0.5601515796875 0 0.4682198546875 0.0032103265625 0.50244820625 0.9833820984375 1 0.9660072078124999 1 0.49127246874999997 0.9828443874999999 0 0.5601515796875 0
1 0.079300990625 0.43772116875 0.6294464234375 0.4185096671875 0.620973228125 0.1758691046875 0.0708277953125 0.19508060625 0.079300990625 0.43772116875
1 0 0.43984840781249995 0.0178077125 0.9497945781249999 0.07066011093749999 0.9479489328125 0.0527070046875 0.433839228125 0 0.43567979843750004 0 0.43984840781249995
1 1 0.7832035390625001 0.8372105515625 0.7888882734375 0.8431669562499999 0.95945738125 1 0.9539806515624999 1 0.7832035390625001