1 0.52990113125 1 0.5958759703125 0.9883668562500001 0.5587252781250001 0.7776748140625 0.357502540625 0.8131558109375 0.3904482109375 1 0.52990113125 1
1 0.539314859375 0 0.4369863890625 0.0180432703125 0.4833203984375 0.2808164921875 0.5874827578125 0.26244985781249996 0.541205765625 0 0.539314859375 0
1 0.385566353125 1 0.3586118171875 0.8471332265625 0.065063353125 0.898893740625 0.08289111406250001 1 0.385566353125 1
1 1 0.799944278125 0.8812247390625 0.8208875609374999 0.9012610671875001 0.9345192234375 1 0.9171088859375001 1 0.799944278125
1 0.5299011265625 1 0.77105811875 0.957477515625 0.6299689749999999 0.1573212171875 0 0.26840174375000003 0 0.529901128125 0.08289111406250001 1 0.5299011265625 1
1 0.063393659375 0.8894244359375 0.21963719531249998 0.8618744843749999 0.18916527968750002 0.6890596625 0.032921743749999996 0.7166096140625 0.063393659375 0.8894244359375
1 1 0.5582922703125 0.7239008218749999 0.6069760046875 0.7823401125 0.9384016921875 1 0.90002238125 1 0.5582922703125
1 0.0254138984375 0.632500921875 0.2952891015625 0.5849146421875 0.27274823125 0.45707902031250003 0.0028730296874999997 0.5046653 0.0254138984375 0.632500921875
1 0.289684925 0.8299957453125 0.43409183125000006 0.8045329109375 0.396523715625 0.591473540625 0.25211680937500003 0.616936375 0.289684925 0.8299957453125
1 0.3673892703125 0.8138534421875001 0.4336744078125 0.8021655843750001 0.3969411390625 0.59384086875 0.3306560015625 0.6055287265625 0.3673892703125 0.8138534421875001
1 0.59246528125 0 0.7615888140625 0.959147209375 1 0.9171088859375001 1 0.4562556671875 0.919549815625 0 0.59246528125 0