0 0.9502020218749999 1 0.999019840625 0.5355294875000001 0.0068886234375 0.4312522953125 0 0.4967931671875 0 0.947784934375 0.4967931640625 1 0.9502020218749999 1
1 0.6698673562499999 0.5396075640625 0.9304512171875 0.56699603125 0.9676392281249999 0.21317574062500003 0.7070553671875001 0.18578727343749998 0.6698673562499999 0.5396075640625
1 0.4872907625 0 0.43168264843750004 0.5290758656250001 0.6731410906249999 0.5544541703125 0.7291743765625001 0.0213330578125 0.5262038875 0 0.4872907625 0
1 0.052215065625 0 0 0.4967931640625 0 0.633563596875 0.22245900000000002 0.6569449796875 0.2915066984375 0 0.052215065625 0
1 0.2770041765625 0 0.2226886140625 0.51677805625 0.468928409375 0.5426589015625 0.525964159375 0 0.2770041765625 0
1 0.43432459687499997 0.526936459375 0.639922871875 0.5485457078125 0.6522351203125 0.431402503125 0.44663684375 0.409793253125 0.43432459687499997 0.526936459375
1 0.43671527499999996 0.5271877296875 0.644704228125 0.5490482484375 0.677369371875 0.23826015625000002 0.46938042031249994 0.2163996375 0.43671527499999996 0.5271877296875
1 1 0.049797978124999996 0.8367548703125 0.0326402234375 0.8161507015625 0.22867578906250002 1 0.24799912968750001 1 0.049797978124999996
1 0.052215065625 0 0 0.4967931671875 0 0.6553173812499999 0.9756516984375001 0.7578625078125001 1 0.52620389375 1 0.049797978124999996 0.526203890625 0 0.052215065625 0
1 0.3785218390625 0 0.3369169421875 0.395844140625 0.48035760156249996 0.4109203625 0.5235470703125 0 0.3785218390625 0
1 0.376104753125 0 0.321711478125 0.5175174296875 0.9289435953125 0.581340096875 0.9849768828125001 0.048218984375 0.526203890625 0 0.376104753125 0
1 0.9502020218749999 1 0.9957533249999999 0.5666082968749999 0.9837999375 0.5653519453125 0.9381165859375 1 0.9502020218749999 1
1 1 0.3192304453125 0.9284482374999999 1 0.9502020218749999 1 1 0.5262038890625 1 0.3192304453125