1 0.7140239234375 0.7693804906249999 0.5101947296875 0.783633615625 0.525118590625 0.99705476875 0.7289477843750001 0.98280164375 0.7140239234375 0.7693804906249999
1 0.4445459515625 0.017115071875000002 0.33903436875000004 0.0244931609375 0.35764727343749997 0.29067010781249997 0.46315885625000003 0.28329201875 0.4445459515625 0.017115071875000002
1 1 0.78311911875 0.721167478125 0.8026169890625001 0.733743765625 0.9824662765625 1 0.9638478265625 1 0.78311911875
1 0.21447116406250002 1 0.207728990625 0.903582440625 0.0278797046875 0.916158728125 0.0337424578125 1 0.21447116406250002 1
1 1 0.517000171875 0.9744174515624999 0.151152690625 0.290990159375 0.19894258125 0.34700555 1 0.4829998375 1 1 0.9638478265625 1 0.517000171875
1 1 0.5975709796875 0.847339271875 0.6082460578125 0.8595801921874999 0.7832993640625 1 0.7734802546874999 1 0.5975709796875
1 0.24177603281249999 1 0.3321055640625 0.9936835437499999 0.308629828125 0.657964871875 0.0112790046875 0.6787576671875 0.033742456250000004 1 0.24177603281249999 1
1 0.9834888125000001 0.384260821875 0.7101178953125 0.403376778125 0.719172821875 0.532868265625 0.992543740625 0.5137523093749999 0.9834888125000001 0.384260821875
1 0.7688094703125 0.5534944937499999 0.6225320484375 0.5637232078125 0.63762359375 0.779542353125 0.7839010156249999 0.769313640625 0.7688094703125 0.5534944937499999
1 0.6898434671875 0.5614260515625 0.6226997328125 0.5661211984375 0.6374559093750001 0.7771443625 0.7045996437500001 0.772449215625 0.6898434671875 0.5614260515625
1 0.35664441406249997 1 0.287670465625 0.013626578125 0 0.0337424578125 0 0.5174603875 0.0337424578125 1 0.35664441406249997 1