0 1 0.4430321984375 0.9677181140625001 0.3032039875 0.592960396875 0.3897236234375 0.7243620953125001 0.9588869046875 1 0.8952508796875 1 0.4430321984375
1 0.44303219687500006 0 0 0.1022820421875 0 0.5462817171875 0.10474911875 1 0.5462817140625 1 0.9656123750000001 0.9031898890625 0.757094559375 0 0.44303219687500006 0
1 0.8068178156249999 0.26880550937500003 0.5796209484375 0.3212580390625 0.6893927359375 0.7967318921875 0.916589603125 0.7442793625 0.8068178156249999 0.26880550937500003
1 0.5462817156249999 1 0.7430999796875 0.9545609234375 0.6046685625 0.3549485765625 0 0.49454731562500004 0 0.5462817156249999 0.10474911875 1 0.5462817156249999 1
1 0.9239386421875 0.3379820453125 0.9731255921875 0.32662634375 0.9520364296875 0.23527915 0.9028494796875 0.246634853125 0.9239386421875 0.3379820453125
1 0.7909629125000001 0.2749329796875 0.6738511265625 0.301970365625 0.7452298265625 0.6111454828125 0.8623416125000001 0.584108096875 0.7909629125000001 0.2749329796875
1 0.517788071875 0 0.5826801640625 0.281078528125 0.795823615625 0.231870484375 0.742292096875 0 0.517788071875 0
1 0.7026809593750001 0.3199852453125 0.587911409375 0.346481884375 0.691194225 0.7938489093750001 0.805963775 0.7673522703125 0.7026809593750001 0.3199852453125
1 0.906276225 0.28284988437499997 0.8453780953125 0.296909325 0.8567337984375 0.346096275 0.9176319265625 0.33203683281249996 0.906276225 0.28284988437499997
1 0.8518700812500001 0.3570874625 0.9736663390625001 0.32896857968750004 0.9514956828125 0.2329369140625 0.8296994234374999 0.2610557953125 0.8518700812500001 0.3570874625
1 0.6915105296874999 0.32503121875 0.595478865625 0.3472018765625 0.641442421875 0.5462919140625 0.7374740859375 0.5241212562500001 0.6915105296874999 0.32503121875