0 0.8906428125 1 0.9630492281249999 0.7095937296875 0 0.4694785890625 0 0.888165375 0.44854417812499997 1 0.8906428125 1
1 0.11183462343749999 0 0 0.44854417812499997 0 0.509117575 0.6901786328124999 0.6811984359375 0.8425429046874999 0.0700987234375 0.5613922796875 0 0.11183462343749999 0
1 0 0.5487565609375 0.072106675 0.566734775 0.1477072671875 0.2635173609375 0.0520771609375 0.23967409687500002 0 0.44854417656249995 0 0.5487565609375
1 1 0.10935718593749999 0.8168860453125 0.06370175 0.6139275328125 0.8777238859375001 0.8868232062500001 0.94576441875 1 0.491837090625 1 0.10935718593749999
1 0.23541520781249997 0.66691064375 0.44766739843750003 0.7198310593749999 0.508147871875 0.4772571265625 0.2958956828125 0.4243367125 0.23541520781249997 0.66691064375
1 0.6226757562499999 0.8823824984374999 0.8885741046875 0.948678403125 0.9205589703125 0.8203941140625 0.654660621875 0.754098209375 0.6226757562499999 0.8823824984374999
1 0.056742043750000005 0.2408371828125 0.754142096875 0.4147185453125 0.7878715921875 0.279436928125 0.0904715390625 0.10555556562499999 0.056742043750000005 0.2408371828125
1 0.20973327031250003 0.62086843125 0.3193580296875 0.648200953125 0.3908878203125 0.36131063124999996 0.2812630625 0.333978109375 0.20973327031250003 0.62086843125
1 0.2377476484375 0.6674921875 0.42434298125 0.7140156281250001 0.4377184703125 0.6603694703125 0.2511231390625 0.613846028125 0.2377476484375 0.6674921875
1 0.549638053125 0.6288156765624999 0.617278859375 0.6456804234375 0.627746634375 0.603696475 0.5601058265625001 0.5868317281250001 0.549638053125 0.6288156765624999
1 0 0.5487565609375 0.0697742328125 0.56615323125 0.0848943515625 0.5055097484375 0 0.484343209375 0 0.5487565609375
1 0.967701571875 0.690934196875 0.9327149484374999 0.6822110515625 0.893170021875 0.840817084375 0.928156646875 0.8495402296875 0.967701571875 0.690934196875
1 1 0.3924725375 0.887342053125 0.8443188812500001 0.9269935609375001 0.8542051125000001 1 0.5613922796875 1 0.3924725375