0 1 0.4871086 0.03226945 0.6928060781250001 0.097565534375 1 0.5409902515625 1 1 0.902434465625 1 0.4871086
1 0.497421 0.63817095625 0.5609065421875 0.6246766874999999 0.5029311671875 0.351923990625 0.439445625 0.365418259375 0.497421 0.63817095625
1 0.6656592796874999 0.6319014000000001 0.7550093015625 0.6129094671875001 0.714026709375 0.42010152500000003 0.6246766874999999 0.4390934578125 0.6656592796874999 0.6319014000000001
1 1 0.447447884375 0.9960708281249999 0.42896258437499996 0.6951023359375 0.49293541249999995 0.7605745265625 0.800957853125 1 0.750066396875 1 0.447447884375
1 0.5029186640625001 0.6640354359375 0.6722134421875 0.6280507203125001 0.585250378125 0.21892167499999998 0.4159556015625 0.254906390625 0.5029186640625001 0.6640354359375
1 0 0.5409902515625 0.0567590484375 0.8080205796875 0.2331077734375 0.7705365015625001 0.085670396875 0.07689817812500001 0 0.095107984375 0 0.5409902515625
1 0.8636748890625 0 0.827868190625 0.007610948437499999 0.958812571875 0.6236558328124999 1 0.614901175 1 0.44744788125 0.9048920171875 0 0.8636748890625 0
1 0.065664525 0.8036701125000001 0.2043921890625 0.7741826374999999 0.1549132046875 0.54140231875 0.0161855421875 0.5708897937499999 0.065664525 0.8036701125000001
1 0 0.4600572265625 0.0147430984375 0.529418053125 0.1205523359375 0.50692760625 0.0800695296875 0.31647098125 0 0.333490284375 0 0.4600572265625
1 0 0.54099025 0.052260959375000006 0.7868587328125 0.068720171875 0.7833602187500001 0 0.46005722968749996 0 0.54099025
1 0.20065535156249997 0.6987928921875 0.275897475 0.6827996859375001 0.1959314390625 0.30658906875 0.1206893171875 0.322582275 0.20065535156249997 0.6987928921875
1 0.44952037968749997 0 0.5141108187500001 0.303874125 0.9497862265625001 0.2112684578125 0.9048797296875 0 0.44952037968749997 0