0 0.5409902546875001 1 0.883262703125 0.9272477453124999 0.7903021875 0.48990290468750003 0.023773059375 0.6528337 0.097565534375 1 0.5409902546875001 1
1 0.180187196875 0.486879175 0.0485134796875 0.5148672875 0.1049894921875 0.7805660359375 0.236663209375 0.7525779234375001 0.180187196875 0.486879175
1 1 0.73286355 0.6183483484375001 0.8139861140625 0.6528337 0.976226940625 1 0.902434465625 1 0.73286355
1 0.7179236703125 0.1956361953125 0.42636044218749997 0.257609871875 0.5253184109375 0.7231705093749999 0.8168816375000001 0.6611968328125 0.7179236703125 0.1956361953125
1 0.4222589390625 0.504236625 0.37288129375 0.5147321671875 0.3913734390625 0.601730871875 0.440751084375 0.5912353296874999 0.4222589390625 0.504236625
1 0.21781889687499997 0.675484271875 0.0743886 0.705971321875 0.1333635515625 0.9834266515625 0.2767938484375 0.9529396015625 0.21781889687499997 0.675484271875
1 0.74491220625 0.3226072796875 0.6061845421875 0.3520947546875 0.6781539734375001 0.6906843078125 0.8168816375000001 0.6611968328125 0.74491220625 0.3226072796875
1 0.447447884375 0 0.330207296875 0.02492025625 0.39018182343749996 0.30707821874999996 0.94509248125 0.1891283171875 0.904892015625 0 0.447447884375 0
1 0.44744788281250003 0 0.3255046640625 0.025919831250000004 0.4764405546875 0.73601736875 1 0.6247313734375 1 0.4474478859375 0.904892015625 0 0.44744788281250003 0
1 0.0889055859375 0.6586497515625 0.0277713609375 0.6716442328125 0.053760321874999996 0.7939126828124999 0.114894546875 0.7809182015625 0.0889055859375 0.6586497515625
1 1 0.44744788125 0.9455922687499999 0.1914796328125 0.7128119515625 0.240958615625 0.8572506015625001 0.9204890406249999 1 0.8901467203125 1 0.44744788125
1 0.5000462812500001 0.2689805078125 0.44126337187500003 0.2814752015625 0.51773089375 0.641226603125 0.576513803125 0.6287319109375 0.5000462812500001 0.2689805078125
1 0.6366271734375 0.21783139999999998 0.48849424218750004 0.249318025 0.57745645625 0.667852334375 0.7255893859375 0.6363657078125 0.6366271734375 0.21783139999999998
1 0 0.5409902515625 0.053760321874999996 0.7939126828124999 0.0913813828125 0.7859160796875 0.037404309375 0.5319739125 0 0.53992444375 0 0.5409902515625
1 0 0.5409902546875001 0.0557594734375 0.8033179468749999 0.312052953125 0.7488410859375 0.25357779062499997 0.47373707343750004 0 0.5276366968749999 0 0.5409902546875001