0 1 0.49820671406250006 0.2207860390625 0.5801054015625 0.264918740625 1 0.5032068359374999 1 1 0.947784934375 1 0.49820671406250006
1 0.933983440625 0.37462262343749997 0.8001054921874999 0.3886937640625 0.8284990421874999 0.6588403359375 0.962376990625 0.644769196875 0.933983440625 0.37462262343749997
1 0.5017932859374999 1 0.484471078125 0.8351901906249999 0.037414359375 0.88217774375 0.049797978124999996 1 0.5017932859374999 1
1 0.49513271249999996 0.2467174140625 0.1986886859375 0.2778749375 0.2484402140625 0.751229109375 0.544884240625 0.7200715859375 0.49513271249999996 0.2467174140625
1 0.6254495640625 0.47472928281250004 0.5752453328125 0.48000596093750003 0.584542334375 0.5684610328125 0.634746565625 0.5631843562500001 0.6254495640625 0.47472928281250004
1 0.9684291343749999 0.5643692125 0.8225977984374999 0.579696703125 0.8522476984375 0.8617966656249999 0.998079034375 0.8464691734375 0.9684291343749999 0.5643692125
1 0.353307265625 0.39214658125 0.212257284375 0.40697153124999996 0.2484402140625 0.751229109375 0.3894901953125 0.7364041593749999 0.353307265625 0.39214658125
1 0.4737961125 0 0 0.049797978124999996 0 0.33984844375 0.5448271828125 0.2825848 0.515126325 0 0.4737961125 0
1 0.4737961125 0 0 0.049797978124999996 0 0.5262038953125 0.026358464062499996 0.7769879296875 0.595339740625 0.7171855875 0.5199604984375 0 0.4737961125 0
1 1 0.5175434125 0.9399994906250001 0.5238497203125 0.9530655484375 0.64816495625 1 0.6432319468750001 1 0.5175434125
1 0.28908961093749996 1 0.2175556171875 0.3193995125 0 0.3422655296875 0 0.526203884375 0.049797978124999996 1 0.28908961093749996 1
1 0.4883339765625 0.27401995 0.428567034375 0.280301709375 0.467011396875 0.6460753875 0.5267783390624999 0.6397936296875 0.4883339765625 0.27401995
1 0.433477634375 0.25803180000000003 0.28286494375000004 0.2738618328125 0.327591065625 0.69940245 0.47820375625 0.6835724171875001 0.433477634375 0.25803180000000003
1 1 0.4967931640625 0.9880859703124999 0.38343874218749996 0.949835128125 0.3874590671875 0.9769723265625 0.645652253125 1 0.6432319468750001 1 0.4967931640625
1 1 0.4967931640625 0.9868296187500001 0.3714853546875 0.7262457578125 0.398873821875 0.7556443875000001 0.6785831046874999 1 0.6529002953124999 1 0.4967931640625