0 0 0.997596153125 0.997596153125 0.997596153125 0.997596153125 0.564903846875 0 0.564903846875 0 0.997596153125
1 0.5673076921875 0.7043269234375 0.49519230781249995 0.7043269234375 0.49519230781249995 0.790865384375 0.5673076921875 0.790865384375 0.5673076921875 0.7043269234375
1 0.9375 0.4134615390625 0.49759615312500005 0.4134615390625 0.49759615312500005 0.95673076875 0.9375 0.95673076875 0.9375 0.4134615390625
1 0.5384615390625 0.153846153125 0.36298076875 0.153846153125 0.36298076875 0.646634615625 0.5384615390625 0.646634615625 0.5384615390625 0.153846153125
1 0.375 0.0673076921875 0.125 0.0673076921875 0.125 0.6826923078125 0.375 0.6826923078125 0.375 0.0673076921875
1 0.94951923125 0.372596153125 0.8701923078125 0.372596153125 0.8701923078125 0.634615384375 0.94951923125 0.634615384375 0.94951923125 0.372596153125
1 0.9326923078125 0.528846153125 0.6875 0.528846153125 0.6875 0.9519230765625 0.9326923078125 0.9519230765625 0.9326923078125 0.528846153125
1 0.939903846875 0.064903846875 0.11298076875 0.064903846875 0.11298076875 0.9543269234375 0.939903846875 0.9543269234375 0.939903846875 0.064903846875
1 0 0.728365384375 0.14423076875000002 0.728365384375 0.14423076875000002 0.572115384375 0 0.572115384375 0 0.728365384375
1 0 0.721153846875 0.127403846875 0.721153846875 0.127403846875 0.002403846875 0 0.002403846875 0 0.721153846875
1 0.997596153125 0.4855769234375 0.9639423078125 0.4855769234375 0.9639423078125 0.5793269234375 0.997596153125 0.5793269234375 0.997596153125 0.4855769234375
1 0.689903846875 0.0673076921875 0.11298076875 0.0673076921875 0.11298076875 0.6875 0.689903846875 0.6875 0.689903846875 0.0673076921875