0 0.467161890625 1 0.8645199703124999 0.9791753453125001 0.8396100671875001 0.5038660968750001 0.004218053125 0.5476471359375 0.027924862499999998 1 0.467161890625 1
1 0.820279846875 0.5024720046875 0.455395978125 0.5215947578125 0.47300903906249997 0.85767200625 0.8378929078124999 0.838549253125 0.820279846875 0.5024720046875
1 0 0.14587497031250002 0.1992578453125 0.135432309375 0.1943513484375 0.041810790625 0 0.051996312499999996 0 0.14587497031250002
1 1 0.48690704218749997 0.99415665625 0.3754094 0.804513065625 0.3853481984375 0.835713346875 0.9806850359375 1 0.9720751375000001 1 0.48690704218749997
1 0.297544453125 0.1736099375 0.1775168640625 0.1799003171875 0.1981493078125 0.57359080625 0.318176896875 0.5673004265625 0.297544453125 0.1736099375
1 0.410873615625 0.1772991875 0.3052493375 0.182834721875 0.3244978984375 0.550119140625 0.43012217656249996 0.5445836078124999 0.410873615625 0.1772991875
1 0.8162160234375 0.52505939375 0.432559840625 0.5451659624999999 0.44900415000000005 0.858942084375 0.8326603328125 0.838835515625 0.8162160234375 0.52505939375
1 0 0.46716189375 0.00748905 0.6100614828124999 0.22113815625000002 0.5988646078125 0.1909443359375 0.022732184375 0 0.032739153124999996 0 0.46716189375
1 0.187748109375 0.19139984375000002 0.053317210937500005 0.19844506875 0.07344642343749999 0.5825333515625 0.20787732343749998 0.5754881265625 0.187748109375 0.19139984375000002
1 0.7228841 0.4353619484375 0.43481788750000006 0.45045885781250006 0.44915995156250005 0.7241217609375 0.7372261640625 0.70902485 0.7228841 0.4353619484375
1 0.4869070515625 0 0.28546072499999997 0.0105573546875 0.294710728125 0.1870579234375 0.846837634375 0.158122178125 0.8385508015625 0 0.4869070515625 0
1 0.9305759578125 0 0.9359473812499999 0.10249287343749999 0.9797334453125 0.1001981421875 0.9744822843750001 0 0.9305759578125 0
1 0.5991111109375 0.18669123906250001 0.41837356718749996 0.1961632921875 0.43576520937499996 0.5280155671875 0.616502753125 0.5185435140625 0.5991111109375 0.18669123906250001