0 1 0.9053899703124999 0.9081584640625 0.43290622343749996 0.13418318437500001 0.583351778125 0.21517139375 1 0.5355463375 1 1 0.9097193546875 1 0.9053899703124999
1 1 0.5400427421875 0.9765892031250001 0.419604634375 0.608479009375 0.49115800781249996 0.6896645671875 0.908821496875 1 0.8484984000000001 1 0.5400427421875
1 1 0.752993709375 0.9337007859374999 0.7658809703125 0.9630560156250001 0.9169005374999999 1 0.9097193546875 1 0.752993709375
1 0.5355463406250001 1 0.5666296546875 0.9939580156250001 0.376279334375 0.014690514062500002 0 0.08783180625 0 0.5355463375 0.09028064687500001 1 0.5355463406250001 1
1 1 0.58892155 0.9029695296875 0.6077823625 0.9630560156250001 0.9169005374999999 1 0.9097193546875 1 0.58892155
1 0.4518554734375 0 0.42819230937499997 0.004599653125 0.6185426281249999 0.98386715625 1 0.9097193546875 1 0.45185547656249997 0.9121681921875 0 0.4518554734375 0
1 0.3072082765625 0.8435796906249999 0.4063148671875 0.8243153203125001 0.37925301562499997 0.685094159375 0.2801464234375 0.704358528125 0.3072082765625 0.8435796906249999
1 0.3253691125 1 0.2697240453125 0.7137309468749999 0.0502737390625 0.756387765625 0.09762715937500001 1 0.3253691125 1
1 0.451855475 0 0 0.08783180625 0 0.5355463375 0.09028064687500001 1 0.5355463421875 1 1 0.9097193546875 1 0.45185547656249997 0.9121681921875 0 0.451855475 0
1 0.693007903125 0.900825103125 0.8817823609375001 0.8641310656250001 0.80426620625 0.465345021875 0.6154917484375 0.502039059375 0.693007903125 0.900825103125
1 0.2647340234375 0.8518358484374999 0.5125005 0.8036749249999999 0.44278182812500005 0.445003453125 0.1950153515625 0.493164378125 0.2647340234375 0.8518358484374999