0 0 0.997596153125 0.997596153125 0.997596153125 0.997596153125 0.48076923125000004 0 0.48076923125000004 0 0.997596153125
1 0 0.596153846875 0.1105769234375 0.596153846875 0.1105769234375 0.2956730765625 0 0.2956730765625 0 0.596153846875
1 0.2884615390625 0.42548076874999996 0.216346153125 0.42548076874999996 0.216346153125 0.540865384375 0.2884615390625 0.540865384375 0.2884615390625 0.42548076874999996
1 0.71875 0.153846153125 0.5384615390625 0.153846153125 0.5384615390625 0.53125 0.71875 0.53125 0.71875 0.153846153125
1 0.35576923125 0.377403846875 0.3052884609375 0.377403846875 0.3052884609375 0.509615384375 0.35576923125 0.509615384375 0.35576923125 0.377403846875
1 0.8701923078125 0.5168269234375 0.8197115390624999 0.5168269234375 0.8197115390624999 0.6514423078125 0.8701923078125 0.6514423078125 0.8701923078125 0.5168269234375
1 0.8509615390624999 0.3125 0.8052884609375001 0.3125 0.8052884609375001 0.6201923078125 0.8509615390624999 0.6201923078125 0.8509615390624999 0.3125
1 0.35576923125 0.377403846875 0.2139423078125 0.377403846875 0.2139423078125 0.540865384375 0.35576923125 0.540865384375 0.35576923125 0.377403846875
1 0 0 0 0.6009615390625 0.11778846093749999 0.6009615390625 0.11778846093749999 0 0 0
1 0.71875 0.44230769218750005 0.55048076875 0.44230769218750005 0.55048076875 0.53125 0.71875 0.53125 0.71875 0.44230769218750005
1 0 0.384615384375 0.0769230765625 0.384615384375 0.0769230765625 0.322115384375 0 0.322115384375 0 0.384615384375