0 1 0.44854417812499997 0.9781630765625 0.36096106250000004 0.010199792187499999 0.6023014156250001 0.10935718750000001 1 0.5514558218750001 1 1 0.888165375 1 0.44854417812499997
1 0 0.5613922812500001 0.0381138578125 0.7142586140625 0.1454061734375 0.6875076359375 0.072713296875 0.39595242812500003 0 0.4140818890625 0 0.5613922812500001
1 0.234658115625 0.608273584375 0.3046313671875 0.59082729375 0.2767173015625 0.47887009375 0.2067440515625 0.49631638437500003 0.234658115625 0.608273584375
1 0.5448791265625 0.521017053125 0.71981225 0.4774013265625 0.6285099953125 0.11120798750000001 0.453576871875 0.1548237140625 0.5448791265625 0.521017053125
1 0.3133983984375 0.5564347515625 0.3623796734375 0.544222346875 0.33039480781249997 0.4159380578125 0.2814135328125 0.42815046093750003 0.3133983984375 0.5564347515625
1 0.8468519499999999 0.569598603125 0.895833225 0.5573861984375 0.8632668156250001 0.4267694671875 0.814285540625 0.4389818703125 0.8468519499999999 0.569598603125
1 0.8252972406250001 0.54276611875 0.8696136328125 0.5317168015625 0.7951761265624999 0.2331642703125 0.7508597328125 0.2442135875 0.8252972406250001 0.54276611875
1 0.232325675 0.6088551265625 0.3699397328125 0.5745440890625 0.33039480781249997 0.4159380578125 0.19278075 0.4502490953125 0.232325675 0.6088551265625
1 0 0.5613922812500001 0.03927694375 0.7189234984375 0.15356658437499998 0.690427890625 0.0081808296875 0.10731747656249999 0 0.10935718593749999 0 0.5613922812500001
1 0.5565413328125 0.5181093375 0.71981225 0.4774013265625 0.6982951578125001 0.3911009859375 0.5350242421875 0.43180899687499996 0.5565413328125 0.5181093375
1 0 0.50574704375 0.061576204687500004 0.490394371875 0.0464560859375 0.42975088906250003 0 0.44133369218749996 0 0.50574704375