0 0 0.997596153125 0.997596153125 0.997596153125 0.997596153125 0.5240384609375 0 0.5240384609375 0 0.997596153125
1 0 0.552884615625 0.302884615625 0.552884615625 0.302884615625 0.3293269234375 0 0.3293269234375 0 0.552884615625
1 0.8485576921875 0.3052884609375 0.3894230765625 0.3052884609375 0.3894230765625 0.61298076875 0.8485576921875 0.61298076875 0.8485576921875 0.3052884609375
1 0.9471153843750001 0.4519230765625 0.6105769234375 0.4519230765625 0.6105769234375 0.76201923125 0.9471153843750001 0.76201923125 0.9471153843750001 0.4519230765625
1 0.997596153125 0.47355769218750005 0.935096153125 0.47355769218750005 0.935096153125 0.9735576921875 0.997596153125 0.9735576921875 0.997596153125 0.47355769218750005
1 0.2427884609375 0.3509615390625 0.185096153125 0.3509615390625 0.185096153125 0.5480769234375 0.2427884609375 0.5480769234375 0.2427884609375 0.3509615390625
1 0 0.552884615625 0.052884615625 0.552884615625 0.052884615625 0.3293269234375 0 0.3293269234375 0 0.552884615625
1 0.302884615625 0.36298076875 0.2451923078125 0.36298076875 0.2451923078125 0.53125 0.302884615625 0.53125 0.302884615625 0.36298076875
1 0.1826923078125 0.35576923125 0.12259615312500001 0.35576923125 0.12259615312500001 0.5456730765625 0.1826923078125 0.5456730765625 0.1826923078125 0.35576923125
1 0.12019230781250001 0.34375 0.052884615625 0.34375 0.052884615625 0.5456730765625 0.12019230781250001 0.5456730765625 0.12019230781250001 0.34375
1 0.997596153125 0.302884615625 0.3894230765625 0.302884615625 0.3894230765625 0.9759615390624999 0.997596153125 0.9759615390624999 0.997596153125 0.302884615625