0 0.5176910546875 1 0.9501243328125 0.939225465625 0.8771922765625 0.42028691093750004 0.0011859078125 0.543401578125 0.06535663124999999 1 0.5176910546875 1
1 0.5065236750000001 0.3218778390625 0.4160664953125 0.334590765625 0.4508597703125 0.5821577828125 0.54131695 0.56944485625 0.5065236750000001 0.3218778390625
1 0.41368604218750005 0.3349253171875 0.33751157656249997 0.345630940625 0.36695204062500003 0.5551107234375 0.44312650624999994 0.5444051 0.41368604218750005 0.3349253171875
1 0.76714793125 0 0.900134840625 0.9462510312499999 1 0.9322158984375 1 0.4823089453125 0.9322158984375 0 0.76714793125 0
1 0.4231564328125 0.50594471875 0.36364512968749996 0.5143084874999999 0.369332490625 0.5547761718750001 0.42884379375000004 0.5464124046875 0.4231564328125 0.50594471875
1 0.29740421562499997 0.4920609296875 0.1640988984375 0.51079576875 0.1714590140625 0.5631657156250001 0.30476433125 0.544430875 0.29740421562499997 0.4920609296875
1 0.465036590625 0 0.449457065625 0.002189559375 0.588295615625 0.9900771765625 1 0.932215896875 1 0.4823089453125 0.9322158984375 0 0.465036590625 0
1 0 0.5349634015625 0.0169097921875 0.655282825 0.33112946718749997 0.6111221296875 0.249499090625 0.030291820312500002 0 0.06535663124999999 0 0.5349634015625
1 0.46503659218750004 0 0 0.06535663124999999 0 0.534963403125 0.06535663124999999 1 0.5176910546875 1 1 0.932215896875 1 0.4823089453125 0.9322158984375 0 0.46503659218750004 0
1 0 0.534963403125 0.016240690625000002 0.6505219203125 0.0424256625 0.6468418625 0 0.34496758125000004 0 0.534963403125
1 0.85445565 0.1030562796875 0.7044871671874999 0.124132975 0.8071942390625001 0.8549317656250001 0.9571627218750001 0.8338550703125 0.85445565 0.1030562796875