0 1 0.48038595156249997 0.006392440625 0.56731535 0.0442474421875 1 0.494249425 1 1 0.9557525578125 1 0.48038595156249997
1 1 0.478169528125 0.9832222109375 0.2863985140625 0.6814901625 0.3127966484375 0.7009744984374999 0.5355036359375 1 0.50934229375 1 0.478169528125
1 0.1626155984375 0.642929646875 0.6200030671875 0.6029134296875001 0.593185915625 0.2963919828125 0.135798446875 0.3364082015625 0.1626155984375 0.642929646875
1 0.0774225046875 0.7999908421875 0.4126803359375 0.7706595828125 0.38565367500000003 0.4617434375 0.0503958453125 0.491074696875 0.0774225046875 0.7999908421875
1 0.10698618281250001 1 0.06425492031249999 0.5115794421875 0.0019927515624999998 0.517026675 0.0442474421875 1 0.10698618281250001 1
1 0.7604229515625 0.5254765140625001 0.817895721875 0.5204482968749999 0.8007159843749999 0.324082996875 0.7432432140625 0.3291112125 0.7604229515625 0.5254765140625001
1 1 0.478169528125 0.9832222109375 0.2863985140625 0.9305388359375 0.2910077125 0.9500231734375 0.5137147 1 0.50934229375 1 0.478169528125
1 0.6990889171875 0.513951346875 0.7565616890625 0.50892313125 0.7418960593749999 0.3412942140625 0.6844232875 0.34632243125 0.6990889171875 0.513951346875
1 0.8200809109374999 0.5178440890625 0.8799483828125 0.5126063640625 0.8633971718750001 0.32342516093749996 0.8035297015625 0.3286628859375 0.8200809109374999 0.5178440890625
1 0.8823430796875 0.5123968546875 0.949394646875 0.506530603125 0.931795890625 0.30537590468750003 0.864744325 0.31124215624999996 0.8823430796875 0.5123968546875
1 0.2460200609375 1 0.6516389265625 0.9645129484374999 0.5929764078125 0.2939972859375 0 0.3458759984375 0 0.494249425 0.0442474421875 1 0.2460200609375 1