0 0 0.997596153125 0.8846153843750001 0.997596153125 0.8846153843750001 0.47355769218750005 0 0.47355769218750005 0 0.997596153125
1 0.53125 0.32451923125 0.43990384687499995 0.32451923125 0.43990384687499995 0.57451923125 0.53125 0.57451923125 0.53125 0.32451923125
1 0.4375 0.32451923125 0.3605769234375 0.32451923125 0.3605769234375 0.5360576921875 0.4375 0.5360576921875 0.4375 0.32451923125
1 0.8341346156249999 0 0.8341346156249999 0.997596153125 0.997596153125 0.997596153125 0.997596153125 0 0.8341346156249999 0
1 0.4230769234375 0.49519230781249995 0.36298076875 0.49519230781249995 0.36298076875 0.5360576921875 0.4230769234375 0.5360576921875 0.4230769234375 0.49519230781249995
1 0.30048076875 0.46394230781249995 0.165865384375 0.46394230781249995 0.165865384375 0.5168269234375 0.30048076875 0.5168269234375 0.30048076875 0.46394230781249995
1 0.51923076875 0 0.51923076875 0.997596153125 0.997596153125 0.997596153125 0.997596153125 0 0.51923076875 0
1 0 0 0 0.5865384609375 0.3173076921875 0.5865384609375 0.3173076921875 0 0 0
1 0 0 0 0.997596153125 0.997596153125 0.997596153125 0.997596153125 0 0 0
1 0 0.58173076875 0.0264423078125 0.58173076875 0.0264423078125 0.2139423078125 0 0.2139423078125 0 0.58173076875
1 0.90625 0.15625 0.7548076921875 0.15625 0.7548076921875 0.89423076875 0.90625 0.89423076875 0.90625 0.15625