0 1 0.5170001609375 0.9945395125 0.4389115515625 0 0.508456528125 0 0.517460378125 0.0337424578125 1 0.482999828125 1 1 0.9638478265625 1 0.5170001609375
1 1 0.5170001734375 0.9869937390624999 0.3310019796875 0.8047464625 0.34374595 0.8178258015625 0.530789209375 1 0.5180503484375001 1 0.5170001734375
1 0.71776561875 0.09921776875 0.3940369 0.12185508593750001 0.41432664375000006 0.4120119375 0.7380553625 0.38937461875 0.71776561875 0.09921776875
1 1 0.5170001734375 0.974920503125 0.1583466625 0.7519073859375001 0.1739412578125 0.7770599609375 0.533639834375 1 0.5180503484375001 1 0.5170001734375
1 1 0.5170001734375 0.9876644750000001 0.340593940625 0.8989388281249999 0.3467982421875 0.91134743125 0.524249540625 1 0.5180503484375001 1 0.5170001734375
1 0.49530485312500006 0.432856265625 0.32744551718750003 0.44459413437500006 0.335494340625 0.559697678125 0.5033536765625 0.5479598109375 0.49530485312500006 0.432856265625
1 0.90038113125 0.2985030640625 0.8020635203125 0.3053781015625 0.8174904328125001 0.525993228125 0.91580804375 0.5191181921875 0.90038113125 0.2985030640625
1 0.4825396203125 0 0 0.0337424578125 0 0.51746039375 0.01060826875 0.6691657046875 1 0.5999806953125 1 0.5170001765625 0.9638478265625 0 0.4825396203125 0
1 0 0.51746038125 0.0114466890625 0.6811556578125 0.35675732187500003 0.6570091859375 0.311650371875 0.011949740625 0 0.0337424578125 0 0.51746038125
1 0.39422101875000004 0.22786972031250002 0.1975857953125 0.24161979374999998 0.21502491406250002 0.49101080625 0.4116601359375 0.4772607328125 0.39422101875000004 0.22786972031250002
1 0.3198668796875 0.12945127343750001 0.1544055328125 0.141021459375 0.1899545046875 0.6493954468750001 0.3554158515625 0.6378252625 0.3198668796875 0.12945127343750001