0 1 0.5572807515625 0.0180817265625 0.6778451546875 0.0576373671875 1 0.510856521875 1 1 0.9399407328124999 1 0.5572807515625
1 0.419509690625 0.3573033546875 0.32407256093750003 0.3690215609375 0.3630355953125 0.68635001875 0.45847272656250004 0.6746318125 0.419509690625 0.3573033546875
1 0.5870260046875 0.3803291125 0.5082903734374999 0.3899966328125 0.542566125 0.6691502375 0.6213017578125 0.6594827171875 0.5870260046875 0.3803291125
1 0.5502705875 0.5543750125 0.3951852515625 0.573417096875 0.41364142656249997 0.723730578125 0.5687267625 0.7046884921875 0.5502705875 0.5543750125
1 0.3984077578125 0.5996623078125001 0.20514756875 0.6233916765624999 0.2238967 0.776091084375 0.4171568875 0.7523617171875 0.3984077578125 0.5996623078125001
1 0 0.5305813046875001 0.029506978125 0.77089635625 0.1368737484375 0.757713375 0.0709588390625 0.22087951874999998 0 0.22959216875 0 0.5305813046875001
1 0.4694186921875 0 0 0.0576373671875 0 0.5305813125000001 0.0312647078125 0.7852119281250001 0.58957191875 0.716660421875 0.5015770828125 0 0.4694186921875 0
1 0.731657453125 0 0.820922384375 0.727004534375 1 0.7050165671874999 1 0.489143475 0.9399407328124999 0 0.731657453125 0
1 0.3349964765625 0.4185401421875 0.14650814375000001 0.4416836 0.1778543453125 0.6969779234375 0.366342678125 0.6738344656249999 0.3349964765625 0.4185401421875
1 0.582631678125 0.3445401890625 0.07204303125 0.40723259218749996 0.11803699062499999 0.7818233265625001 0.6286256375 0.7191309234375 0.582631678125 0.3445401890625
1 0.5103833453125 0.3873177484375 0.4316477140625 0.39698526875 0.457720721875 0.6093328828125 0.536456353125 0.5996653625 0.5103833453125 0.3873177484375
1 0.5820457671875 0.33976833281249996 0.324365515625 0.3714074890625 0.36479332656249996 0.7006655875 0.6224735781249999 0.66902643125 0.5820457671875 0.33976833281249996